Block length  1963	var_id	contig	varpos	ref_allele	alt_allele	hap_1	hap_2	hap_3	hap_4	hap_5	hap_6
1	NC_004037.2	24	C	CG	0	0	1	0	0	0
2	NC_004037.2	68	T	TA	0	0	1	0	0	0
3	NC_004037.2	96	T	TT	0	0	0	1	0	0
4	NC_004037.2	113	A	T	0	0	0	0	1	0
5	NC_004037.2	123	T	TG	0	0	0	1	0	0
6	NC_004037.2	138	T	TC	0	0	0	1	0	0
7	NC_004037.2	246	T	G	0	0	0	0	0	1
8	NC_004037.2	261	C	A	0	0	0	0	0	1
9	NC_004037.2	279	G	C	1	0	0	0	0	0
10	NC_004037.2	285	C	CA	0	0	0	1	0	0
11	NC_004037.2	305	G	GG	0	0	0	0	1	0
12	NC_004037.2	308	G	C	0	0	0	0	0	1
13	NC_004037.2	314	G	C	0	0	0	0	0	1
14	NC_004037.2	346	A	T	0	0	0	0	0	1
15	NC_004037.2	359	A	AA	0	0	1	0	0	0
16	NC_004037.2	409	T	TT	0	0	1	0	0	0
17	NC_004037.2	418	A	T	0	0	0	0	0	1
18	NC_004037.2	428	C	A	0	0	0	0	0	1
19	NC_004037.2	440	A	AC	0	0	1	0	0	0
20	NC_004037.2	455	A	AG	0	0	1	0	0	0
21	NC_004037.2	480	T	TT	0	0	0	1	0	0
22	NC_004037.2	484	T	G	0	0	0	0	0	1
23	NC_004037.2	557	A	AT	0	1	0	0	0	0
24	NC_004037.2	562	C	A	0	0	0	0	1	1
25	NC_004037.2	565	A	T	0	0	0	0	0	1
26	NC_004037.2	599	T	TC	0	0	1	0	0	0
27	NC_004037.2	604	G	GG	0	0	0	1	0	0
28	NC_004037.2	629	A	T	0	0	0	0	0	1
29	NC_004037.2	648	G	GT	0	0	1	0	0	0
30	NC_004037.2	649	T	TG	0	1	0	0	0	0
31	NC_004037.2	657	G	C	0	0	0	0	0	1
32	NC_004037.2	667	G	C	0	0	0	0	0	1
33	NC_004037.2	670	C	A	0	0	0	0	0	1
34	NC_004037.2	672	G	GG	0	0	1	0	0	0
35	NC_004037.2	696	A	T	0	0	0	0	0	1
36	NC_004037.2	714	C	CG	0	0	0	1	0	0
37	NC_004037.2	717	T	G	0	0	0	0	1	0
38	NC_004037.2	724	T	TC	0	0	1	0	0	0
39	NC_004037.2	738	C	CT	0	0	1	0	0	0
40	NC_004037.2	761	T	G	0	0	0	0	1	0
41	NC_004037.2	768	G	GG	0	0	1	0	0	0
42	NC_004037.2	799	T	TA	0	0	1	0	0	0
43	NC_004037.2	806	T	G	0	0	0	1	0	0
44	NC_004037.2	807	C	A	0	0	0	0	1	0
45	NC_004037.2	822	G	GG	0	0	0	1	0	0
46	NC_004037.2	826	A	T	0	0	0	0	0	1
47	NC_004037.2	829	A	T	0	0	0	0	1	1
48	NC_004037.2	842	G	GC	0	0	1	0	0	0
49	NC_004037.2	853	G	GA	0	0	0	1	0	0
50	NC_004037.2	885	G	C	0	0	0	0	1	0
51	NC_004037.2	894	T	TT	0	0	1	0	0	0
52	NC_004037.2	900	A	AC	0	0	0	1	0	0
53	NC_004037.2	906	A	AA	0	0	0	1	0	0
54	NC_004037.2	914	T	TG	0	0	0	1	0	0
55	NC_004037.2	915	T	G	0	0	0	0	1	0
56	NC_004037.2	924	C	CT	0	0	1	0	0	0
57	NC_004037.2	932	A	AT	0	0	0	1	0	0
58	NC_004037.2	961	T	G	0	0	0	0	1	0
59	NC_004037.2	969	C	CG	0	0	0	1	0	0
60	NC_004037.2	979	T	TG	0	0	0	1	0	0
61	NC_004037.2	982	T	G	0	0	0	0	0	1
62	NC_004037.2	1000	G	GA	0	0	0	1	0	0
63	NC_004037.2	1002	T	TG	0	0	1	0	0	0
64	NC_004037.2	1015	T	TT	0	0	1	0	0	0
65	NC_004037.2	1025	T	G	0	0	0	0	1	0
66	NC_004037.2	1029	G	C	0	1	0	0	0	0
67	NC_004037.2	1057	G	C	0	0	0	0	1	0
68	NC_004037.2	1075	A	AA	0	0	0	1	0	0
69	NC_004037.2	1091	A	T	0	0	0	0	1	0
70	NC_004037.2	1096	C	CC	0	0	0	1	0	0
71	NC_004037.2	1107	C	A	0	0	0	0	0	1
72	NC_004037.2	1137	T	G	0	0	0	0	0	1
73	NC_004037.2	1141	A	T	0	0	0	0	0	1
74	NC_004037.2	1154	A	T	0	0	0	0	1	0
75	NC_004037.2	1176	C	CA	0	0	0	1	0	0
76	NC_004037.2	1181	A	T	0	0	0	0	1	1
77	NC_004037.2	1192	G	C	0	0	0	0	1	0
78	NC_004037.2	1193	G	GC	0	0	0	1	0	0
79	NC_004037.2	1203	T	G	0	0	0	0	1	0
80	NC_004037.2	1207	A	AC	0	0	0	1	0	0
81	NC_004037.2	1220	T	TG,G	0	0	0	1	2	0
82	NC_004037.2	1233	A	AG	0	0	1	0	0	0
83	NC_004037.2	1235	T	TA	0	0	1	0	0	0
84	NC_004037.2	1251	T	G	0	0	0	0	1	0
85	NC_004037.2	1260	G	C	0	0	0	0	0	1
86	NC_004037.2	1328	T	G	0	0	0	0	1	0
87	NC_004037.2	1329	T	TC	0	0	0	1	0	0
88	NC_004037.2	1377	A	AG	0	0	0	1	0	0
89	NC_004037.2	1381	C	CC	0	0	0	1	0	0
90	NC_004037.2	1403	G	GT	0	1	0	0	0	0
91	NC_004037.2	1438	T	G	0	0	0	0	0	1
92	NC_004037.2	1440	T	TG	0	0	0	1	0	0
93	NC_004037.2	1453	T	G	1	0	0	0	0	0
94	NC_004037.2	1462	T	G	0	0	0	0	1	0
95	NC_004037.2	1487	A	T	0	0	0	0	1	0
96	NC_004037.2	1518	C	CT	0	0	0	1	0	0
97	NC_004037.2	1524	G	GT	0	0	1	0	0	0
98	NC_004037.2	1526	A	T	0	0	0	0	0	1
99	NC_004037.2	1539	T	TA	0	0	1	0	0	0
100	NC_004037.2	1542	T	G	0	0	0	0	0	1
101	NC_004037.2	1557	T	G	0	0	0	0	0	1
102	NC_004037.2	1623	T	TG	0	0	0	1	0	0
103	NC_004037.2	1717	G	C	0	0	0	0	0	1
104	NC_004037.2	1723	T	G	0	0	0	0	0	1
105	NC_004037.2	1727	C	CA	0	0	0	1	0	0
106	NC_004037.2	1781	T	G	0	0	0	0	0	1
107	NC_004037.2	1791	G	GC	0	1	0	0	0	0
108	NC_004037.2	1834	C	CC	0	0	0	1	0	0
109	NC_004037.2	1861	A	AA	0	0	0	1	0	0
110	NC_004037.2	1865	A	T	0	0	0	0	0	1
111	NC_004037.2	1885	T	TC	0	0	0	1	0	0
112	NC_004037.2	1902	T	TT	0	0	0	1	0	0
113	NC_004037.2	1907	A	AC	0	0	0	1	0	0
114	NC_004037.2	1909	C	A	1	0	0	0	0	0
115	NC_004037.2	1924	G	GT	0	0	0	1	0	0
116	NC_004037.2	1930	G	C	0	0	0	1	0	0
117	NC_004037.2	1960	G	GC	0	0	1	0	0	0
118	NC_004037.2	2061	T	TT	0	0	0	1	0	0
119	NC_004037.2	2085	T	G	0	0	0	0	0	1
120	NC_004037.2	2113	G	GC	0	0	1	0	0	0
121	NC_004037.2	2118	T	G	0	0	0	0	0	1
122	NC_004037.2	2128	A	T	0	0	0	0	0	1
123	NC_004037.2	2143	T	TC	0	0	1	0	0	0
124	NC_004037.2	2155	A	AT	0	0	1	0	0	0
125	NC_004037.2	2167	A	T	0	1	0	0	0	0
126	NC_004037.2	2174	G	C	0	0	0	0	1	0
127	NC_004037.2	2184	C	CT	0	0	1	0	0	0
128	NC_004037.2	2202	G	GT	0	0	1	0	0	0
129	NC_004037.2	2237	T	TG	0	0	1	0	0	0
130	NC_004037.2	2241	A	AG	1	0	0	0	0	0
131	NC_004037.2	2244	A	T	0	0	0	0	0	1
132	NC_004037.2	2262	A	T	0	0	0	0	0	1
133	NC_004037.2	2297	G	GA	0	0	0	1	0	0
134	NC_004037.2	2325	T	G	0	0	0	0	1	0
135	NC_004037.2	2356	T	G	0	0	0	0	1	0
136	NC_004037.2	2359	T	G	0	0	0	0	0	1
137	NC_004037.2	2367	A	T	0	0	0	0	0	1
138	NC_004037.2	2373	T	G	0	0	0	0	1	0
139	NC_004037.2	2392	G	C	0	0	0	0	0	1
140	NC_004037.2	2401	T	G	0	0	0	0	0	1
141	NC_004037.2	2416	G	GG	0	0	0	1	0	0
142	NC_004037.2	2433	A	AA	0	0	0	1	0	0
143	NC_004037.2	2454	A	AA	0	0	0	1	0	0
144	NC_004037.2	2475	G	GG	0	0	1	0	0	0
145	NC_004037.2	2484	T	TG	0	0	1	0	0	0
146	NC_004037.2	2489	A	AT	0	0	1	0	0	0
147	NC_004037.2	2496	G	C	0	0	0	0	0	1
148	NC_004037.2	2537	G	C	1	0	0	0	0	0
149	NC_004037.2	2557	T	TT	0	0	1	0	0	0
150	NC_004037.2	2681	A	AT	0	0	0	0	0	1
151	NC_004037.2	2688	G	C	0	0	0	0	0	1
152	NC_004037.2	2698	A	T	0	0	0	1	0	0
153	NC_004037.2	2700	T	TA	0	0	0	1	0	0
154	NC_004037.2	2707	T	G	1	0	0	0	0	0
155	NC_004037.2	2709	C	CC	0	0	0	1	0	0
156	NC_004037.2	2713	T	G	0	0	0	0	1	1
157	NC_004037.2	2723	A	T	0	0	0	0	1	0
158	NC_004037.2	2742	T	TC	0	0	0	1	0	0
159	NC_004037.2	2759	T	G	0	0	0	0	1	0
160	NC_004037.2	2760	C	CA	0	0	1	0	0	0
161	NC_004037.2	2770	G	C	0	0	0	0	1	0
162	NC_004037.2	2789	G	C	0	0	0	0	0	1
163	NC_004037.2	2794	T	TC	0	0	1	0	0	0
164	NC_004037.2	2797	T	TG	0	0	1	0	0	0
165	NC_004037.2	2805	T	G	0	0	0	0	1	0
166	NC_004037.2	2817	A	AA	0	0	1	0	0	0
167	NC_004037.2	2831	C	A	0	0	0	0	1	0
168	NC_004037.2	2842	A	AG	0	0	1	0	0	0
169	NC_004037.2	2862	T	G	0	0	0	0	1	1
170	NC_004037.2	2867	A	AC	0	0	1	0	0	0
171	NC_004037.2	2877	T	TG	0	0	1	0	0	0
172	NC_004037.2	2929	T	G	0	0	0	0	1	0
173	NC_004037.2	2930	A	T	0	0	0	1	0	0
174	NC_004037.2	2947	T	TC	0	0	0	1	0	0
175	NC_004037.2	2957	G	C	0	0	0	0	1	0
176	NC_004037.2	2971	C	A,CG	0	0	2	0	1	0
177	NC_004037.2	2983	T	G	0	0	0	0	1	0
178	NC_004037.2	2990	T	G	0	0	0	0	1	0
179	NC_004037.2	3003	A	AT	0	0	0	1	0	0
180	NC_004037.2	3024	T	G,TA	0	0	2	0	0	1
181	NC_004037.2	3037	G	GG	0	0	0	0	0	1
182	NC_004037.2	3040	T	TC	0	0	1	0	0	0
183	NC_004037.2	3046	A	AA	0	0	0	1	0	0
184	NC_004037.2	3079	A	T	0	0	0	0	0	1
185	NC_004037.2	3084	A	T	0	0	0	0	1	0
186	NC_004037.2	3097	A	T	0	0	0	0	1	0
187	NC_004037.2	3107	T	G	0	0	0	0	1	0
188	NC_004037.2	3108	T	TG	0	0	0	1	0	0
189	NC_004037.2	3152	C	CA	0	0	0	1	0	0
190	NC_004037.2	3156	T	TG	0	0	0	1	0	0
191	NC_004037.2	3183	T	TA	0	0	0	1	0	0
192	NC_004037.2	3200	A	AG	0	0	0	1	0	0
193	NC_004037.2	3215	T	TG	0	0	1	0	0	0
194	NC_004037.2	3235	C	A	0	0	0	0	1	0
195	NC_004037.2	3268	A	AC	0	0	0	1	0	0
196	NC_004037.2	3273	T	TA	0	0	0	1	0	0
197	NC_004037.2	3276	A	T	0	0	0	0	1	0
198	NC_004037.2	3279	A	AA	0	0	0	1	0	0
199	NC_004037.2	3282	T	G	0	0	0	0	1	0
200	NC_004037.2	3308	T	TC	0	0	0	1	0	0
201	NC_004037.2	3319	T	G	0	0	0	0	1	0
202	NC_004037.2	3322	A	T	0	0	0	0	0	1
203	NC_004037.2	3324	G	GC	0	0	0	1	0	0
204	NC_004037.2	3339	C	A	0	1	0	0	0	0
205	NC_004037.2	3347	A	AC,AG	0	0	1	2	0	0
206	NC_004037.2	3359	T	TC	0	0	0	1	0	0
207	NC_004037.2	3367	A	T	0	0	0	0	0	1
208	NC_004037.2	3378	T	G	0	0	0	0	0	1
209	NC_004037.2	3382	C	CA	0	0	0	1	0	0
210	NC_004037.2	3386	G	GG	0	0	0	1	0	0
211	NC_004037.2	3392	T	TA	0	0	0	1	0	0
212	NC_004037.2	3404	C	A	0	0	0	0	0	1
213	NC_004037.2	3426	G	C	0	0	0	0	0	1
214	NC_004037.2	3443	A	AG	0	1	0	0	0	0
215	NC_004037.2	3483	C	CC	0	0	0	0	1	0
216	NC_004037.2	3582	G	C	0	0	1	0	0	0
217	NC_004037.2	3598	T	TA	0	0	0	1	0	0
218	NC_004037.2	3605	A	AG	0	1	0	0	0	0
219	NC_004037.2	3628	A	T	0	0	1	0	0	0
220	NC_004037.2	3629	G	GC	0	0	0	1	0	0
221	NC_004037.2	3679	A	T,AT	0	0	2	0	0	1
222	NC_004037.2	3683	G	GA	0	0	0	1	0	0
223	NC_004037.2	3690	T	TT	0	0	1	0	0	0
224	NC_004037.2	3693	A	T	0	0	0	0	0	1
225	NC_004037.2	3699	A	AT	0	0	1	0	0	0
226	NC_004037.2	3702	G	C	0	0	0	1	0	0
227	NC_004037.2	3703	T	TC	0	0	1	0	0	0
228	NC_004037.2	3717	T	TC	0	0	1	0	0	0
229	NC_004037.2	3729	T	TT	0	0	1	0	0	0
230	NC_004037.2	3735	G	C	0	0	0	0	1	1
231	NC_004037.2	3760	T	TA	0	0	0	1	0	0
232	NC_004037.2	3771	G	GA	0	0	1	0	0	0
233	NC_004037.2	3780	A	T	1	0	0	0	0	0
234	NC_004037.2	3801	G	C	0	0	0	0	1	0
235	NC_004037.2	3805	A	T	0	0	0	0	0	1
236	NC_004037.2	3808	A	AT	0	0	1	0	0	0
237	NC_004037.2	3814	T	TG	0	0	0	0	1	0
238	NC_004037.2	3816	C	A	0	0	0	0	1	0
239	NC_004037.2	3831	A	AC	0	0	0	1	0	0
240	NC_004037.2	3833	A	T	0	0	0	0	1	0
241	NC_004037.2	3836	G	GC	0	0	0	1	0	0
242	NC_004037.2	3879	T	G	0	0	0	0	1	0
243	NC_004037.2	3883	A	T	0	0	0	0	0	1
244	NC_004037.2	3889	A	AA	0	0	1	0	0	0
245	NC_004037.2	3890	G	C	0	0	0	0	1	0
246	NC_004037.2	3914	T	G	0	0	0	0	1	0
247	NC_004037.2	3917	A	T	0	0	0	0	1	0
248	NC_004037.2	3944	C	A	0	0	0	0	1	0
249	NC_004037.2	3987	C	A	0	0	0	0	1	0
250	NC_004037.2	3998	G	C	0	0	0	0	0	1
251	NC_004037.2	4036	C	A	0	0	0	0	0	1
252	NC_004037.2	4049	T	TC	0	1	0	0	0	0
253	NC_004037.2	4052	T	TG	0	0	0	0	1	0
254	NC_004037.2	4074	C	A	1	0	0	0	0	0
255	NC_004037.2	4079	C	CG	0	0	1	0	0	0
256	NC_004037.2	4086	G	C	0	0	0	0	0	1
257	NC_004037.2	4185	T	TT	0	0	1	0	0	0
258	NC_004037.2	4220	C	CA	0	0	0	1	0	0
259	NC_004037.2	4228	T	TA	0	0	0	0	1	0
260	NC_004037.2	4233	T	G	0	0	0	0	1	0
261	NC_004037.2	4243	T	TA	0	0	0	1	0	0
262	NC_004037.2	4258	C	CC	0	0	1	0	0	0
263	NC_004037.2	4259	C	A	0	0	0	0	1	0
264	NC_004037.2	4270	G	C	0	0	0	0	1	0
265	NC_004037.2	4285	G	C	0	0	0	0	1	0
266	NC_004037.2	4297	C	A	0	0	0	0	1	0
267	NC_004037.2	4308	C	CC	0	0	0	0	0	1
268	NC_004037.2	4325	A	AC	0	0	1	0	0	0
269	NC_004037.2	4334	C	CC	0	0	1	0	0	0
270	NC_004037.2	4349	T	TT	1	0	1	0	0	0
271	NC_004037.2	4352	G	GG	0	0	1	0	0	0
272	NC_004037.2	4369	C	CA	0	0	1	0	0	0
273	NC_004037.2	4375	C	A	0	0	0	0	1	0
274	NC_004037.2	4379	A	AT	0	0	1	0	0	0
275	NC_004037.2	4394	T	G	0	0	0	0	1	0
276	NC_004037.2	4404	T	TT	0	0	1	0	0	0
277	NC_004037.2	4411	A	AG	1	0	0	0	0	0
278	NC_004037.2	4412	A	T	0	0	0	0	1	0
279	NC_004037.2	4416	A	T	0	0	0	0	0	1
280	NC_004037.2	4427	A	T	0	0	0	0	0	1
281	NC_004037.2	4443	T	TT	0	0	0	1	0	0
282	NC_004037.2	4448	A	AG	0	0	0	0	0	1
283	NC_004037.2	4450	T	G	0	0	0	0	1	0
284	NC_004037.2	4459	T	G	0	0	0	0	1	0
285	NC_004037.2	4477	G	GA	0	0	0	1	0	0
286	NC_004037.2	4487	T	G	0	0	0	0	1	0
287	NC_004037.2	4492	T	G	0	0	0	0	1	0
288	NC_004037.2	4497	A	AT	0	0	0	1	0	0
289	NC_004037.2	4550	C	CA	0	0	1	0	0	0
290	NC_004037.2	4580	C	A	0	0	0	0	0	1
291	NC_004037.2	4586	C	A	0	0	0	0	0	1
292	NC_004037.2	4588	C	CC,CT	0	0	1	2	0	0
293	NC_004037.2	4598	A	AA	0	0	1	0	0	0
294	NC_004037.2	4619	A	AC	1	0	0	0	0	0
295	NC_004037.2	4621	C	CA	0	0	1	0	0	0
296	NC_004037.2	4623	A	AC	0	0	1	0	0	0
297	NC_004037.2	4624	G	C	0	0	0	1	0	0
298	NC_004037.2	4639	T	G	0	0	0	0	0	1
299	NC_004037.2	4650	G	GC	0	0	0	1	0	0
300	NC_004037.2	4671	T	G	1	0	0	0	0	0
301	NC_004037.2	4690	T	TC	0	0	0	1	0	0
302	NC_004037.2	4696	A	T	0	0	0	0	1	0
303	NC_004037.2	4706	G	GA	0	0	1	0	0	0
304	NC_004037.2	4712	C	A	0	0	0	0	1	0
305	NC_004037.2	4717	T	G	0	0	0	0	1	1
306	NC_004037.2	4776	A	AT	0	0	0	1	0	0
307	NC_004037.2	4802	A	T	0	0	0	0	0	1
308	NC_004037.2	4818	A	T	0	0	0	0	1	0
309	NC_004037.2	4826	A	AA	0	0	1	0	0	0
310	NC_004037.2	4885	A	T	1	0	0	0	0	0
311	NC_004037.2	4892	C	A	0	0	0	0	1	0
312	NC_004037.2	4900	T	G	0	0	0	0	1	0
313	NC_004037.2	4937	C	A	0	0	0	0	0	1
314	NC_004037.2	4945	A	AT	0	0	1	0	0	0
315	NC_004037.2	4973	C	A	0	0	0	0	1	0
316	NC_004037.2	4976	G	GG	0	0	1	0	0	0
317	NC_004037.2	4990	A	T	0	0	0	0	1	0
318	NC_004037.2	5000	T	G	0	0	0	0	1	0
319	NC_004037.2	5009	C	A	0	0	0	0	1	0
320	NC_004037.2	5027	C	CG	0	0	1	0	0	0
321	NC_004037.2	5034	C	A	1	0	0	0	0	0
322	NC_004037.2	5040	T	TT	0	0	1	0	0	0
323	NC_004037.2	5047	A	T	0	0	0	0	0	1
324	NC_004037.2	5057	A	AC	0	0	1	0	0	0
325	NC_004037.2	5071	T	TG	0	0	0	1	0	0
326	NC_004037.2	5090	A	T	0	0	0	0	1	0
327	NC_004037.2	5093	A	T	0	0	0	0	1	0
328	NC_004037.2	5097	A	AT	0	0	1	0	0	0
329	NC_004037.2	5100	A	T	0	0	0	0	1	0
330	NC_004037.2	5191	T	G	0	0	1	1	0	0
331	NC_004037.2	5199	T	TG	0	0	1	0	0	0
332	NC_004037.2	5234	A	AT	0	0	0	1	0	0
333	NC_004037.2	5241	T	TC	0	0	1	0	0	0
334	NC_004037.2	5295	C	A	0	0	0	0	1	0
335	NC_004037.2	5299	A	T	0	0	0	0	0	1
336	NC_004037.2	5317	T	G	0	0	0	0	0	1
337	NC_004037.2	5432	C	A	0	0	0	0	0	1
338	NC_004037.2	5444	T	G	0	0	0	0	1	0
339	NC_004037.2	5449	T	TT	0	0	0	1	0	0
340	NC_004037.2	5458	C	CC,CG	0	0	1	2	0	0
341	NC_004037.2	5481	A	T	0	0	0	0	1	0
342	NC_004037.2	5489	G	C	1	0	0	0	0	0
343	NC_004037.2	5501	C	CT	0	0	1	0	0	0
344	NC_004037.2	5516	A	AG	0	0	1	0	0	0
345	NC_004037.2	5549	G	C	0	0	0	0	1	0
346	NC_004037.2	5557	G	C	0	0	0	0	1	0
347	NC_004037.2	5561	T	G	0	0	0	0	0	1
348	NC_004037.2	5571	A	AA	0	0	1	0	0	0
349	NC_004037.2	5575	A	T	0	0	0	0	0	1
350	NC_004037.2	5578	T	G	0	0	0	0	0	1
351	NC_004037.2	5593	A	AG	0	0	0	1	0	0
352	NC_004037.2	5598	T	G	0	0	0	0	1	0
353	NC_004037.2	5613	T	TC	0	0	0	1	0	0
354	NC_004037.2	5619	T	TG	0	0	1	0	0	0
355	NC_004037.2	5622	A	T	0	0	1	0	0	0
356	NC_004037.2	5624	T	G	0	0	0	0	1	0
357	NC_004037.2	5628	T	TT	0	0	1	0	0	0
358	NC_004037.2	5644	G	C	0	0	0	0	1	0
359	NC_004037.2	5694	G	C	0	0	0	0	0	1
360	NC_004037.2	5736	T	G	0	0	0	0	0	1
361	NC_004037.2	5756	C	CG	0	0	0	0	0	1
362	NC_004037.2	5803	T	G	0	0	0	0	0	1
363	NC_004037.2	5812	C	A	0	0	0	0	1	1
364	NC_004037.2	5820	T	G	0	0	0	0	1	0
365	NC_004037.2	5874	A	T	0	0	0	0	1	0
366	NC_004037.2	5881	C	A	0	0	0	0	1	0
367	NC_004037.2	5889	A	AA	0	0	1	0	0	0
368	NC_004037.2	5898	G	GT	0	0	1	1	0	0
369	NC_004037.2	5954	C	CG	0	0	1	0	0	0
370	NC_004037.2	5955	T	TA	0	0	1	0	0	0
371	NC_004037.2	5956	T	G	0	0	0	0	1	0
372	NC_004037.2	5961	A	AT	0	0	0	1	0	0
373	NC_004037.2	5965	T	TT	0	0	0	1	0	0
374	NC_004037.2	5972	C	CT	0	0	0	1	0	0
375	NC_004037.2	5977	T	G	0	0	0	0	0	1
376	NC_004037.2	6081	A	AA	0	0	0	1	0	0
377	NC_004037.2	6093	T	G,TT	0	0	0	0	1	2
378	NC_004037.2	6098	C	CC	0	0	1	0	0	0
379	NC_004037.2	6100	G	C	0	0	0	0	1	0
380	NC_004037.2	6109	T	TT	0	0	0	1	0	0
381	NC_004037.2	6120	T	TT	0	0	0	1	0	0
382	NC_004037.2	6161	A	T	0	0	1	0	0	0
383	NC_004037.2	6162	A	AA	0	0	0	1	0	0
384	NC_004037.2	6170	A	AC	0	0	1	0	0	0
385	NC_004037.2	6190	T	TT	0	0	1	0	0	0
386	NC_004037.2	6239	T	TC	0	0	0	1	0	0
387	NC_004037.2	6251	T	TT	0	0	0	1	0	0
388	NC_004037.2	6259	A	T	0	0	0	0	1	0
389	NC_004037.2	6268	C	CC	0	0	0	1	0	0
390	NC_004037.2	6299	T	G	0	0	0	0	1	0
391	NC_004037.2	6312	A	T	0	0	0	0	0	1
392	NC_004037.2	6382	T	G	0	0	0	0	1	0
393	NC_004037.2	6385	C	A	0	0	0	0	0	1
394	NC_004037.2	6391	C	A	0	0	1	0	0	0
395	NC_004037.2	6397	A	T	0	0	0	0	1	0
396	NC_004037.2	6404	T	G	0	0	0	0	1	0
397	NC_004037.2	6405	T	TA	1	0	0	0	0	0
398	NC_004037.2	6419	A	AA	0	0	0	1	0	0
399	NC_004037.2	6431	C	A	0	0	0	0	1	0
400	NC_004037.2	6446	C	A	0	0	0	0	1	0
401	NC_004037.2	6467	G	GA	0	0	1	0	0	0
402	NC_004037.2	6468	T	TC	0	0	0	1	0	0
403	NC_004037.2	6486	A	T	0	0	0	0	1	0
404	NC_004037.2	6487	C	A	0	0	1	0	0	0
405	NC_004037.2	6494	T	G	0	1	0	0	0	0
406	NC_004037.2	6508	T	TT	0	0	0	1	0	0
407	NC_004037.2	6512	A	AC	0	0	0	1	0	0
408	NC_004037.2	6519	A	T	0	0	0	0	1	0
409	NC_004037.2	6524	T	G	0	0	0	0	1	0
410	NC_004037.2	6533	A	AG	0	0	0	1	0	0
411	NC_004037.2	6548	T	TG	0	0	0	1	0	0
412	NC_004037.2	6561	G	GA	0	0	0	1	0	0
413	NC_004037.2	6565	A	T	0	0	0	0	1	0
414	NC_004037.2	6566	T	TC	0	0	0	1	0	0
415	NC_004037.2	6579	T	TC	0	0	1	0	0	0
416	NC_004037.2	6594	A	AG	0	0	1	0	0	0
417	NC_004037.2	6610	C	A	0	0	0	0	1	0
418	NC_004037.2	6620	A	T	0	0	0	0	1	0
419	NC_004037.2	6624	G	C	0	0	0	0	0	1
420	NC_004037.2	6633	A	T	0	0	0	0	0	1
421	NC_004037.2	6671	A	T	0	0	0	0	0	1
422	NC_004037.2	6676	A	AG	0	0	1	0	0	0
423	NC_004037.2	6678	G	C	0	0	0	0	0	1
424	NC_004037.2	6691	T	G	0	0	0	0	1	0
425	NC_004037.2	6696	T	TT	0	0	0	1	0	0
426	NC_004037.2	6728	C	CC	0	0	1	0	0	0
427	NC_004037.2	6751	A	T	0	0	1	0	0	0
428	NC_004037.2	6756	A	AT	0	0	0	1	0	0
429	NC_004037.2	6779	T	G	0	0	0	0	1	0
430	NC_004037.2	6803	A	AG	0	0	0	1	0	0
431	NC_004037.2	6808	T	G	0	0	0	0	1	0
432	NC_004037.2	6822	T	TC	0	0	0	0	0	1
433	NC_004037.2	6896	C	A	0	0	0	0	1	0
434	NC_004037.2	6901	G	C	0	0	1	0	0	0
435	NC_004037.2	6921	C	A	0	0	0	0	0	1
436	NC_004037.2	6947	T	G	0	0	0	0	0	1
437	NC_004037.2	6993	A	T	0	0	0	0	0	1
438	NC_004037.2	6997	C	A	0	0	0	0	0	1
439	NC_004037.2	7032	T	TT	0	0	0	1	0	0
440	NC_004037.2	7042	G	GA	0	0	0	1	0	0
441	NC_004037.2	7048	A	T	0	0	0	0	0	1
442	NC_004037.2	7055	A	AT	0	0	0	1	0	0
443	NC_004037.2	7059	T	G	0	0	0	0	0	1
444	NC_004037.2	7070	A	AT	0	0	0	1	0	0
445	NC_004037.2	7074	C	CG	0	0	1	0	0	0
446	NC_004037.2	7084	A	AT	0	0	1	0	0	0
447	NC_004037.2	7098	T	TA	0	0	0	1	0	0
448	NC_004037.2	7113	T	TA	0	0	1	0	0	0
449	NC_004037.2	7114	T	TG	0	0	1	0	0	0
450	NC_004037.2	7119	C	A	0	0	0	0	1	0
451	NC_004037.2	7122	C	A	0	0	0	0	0	1
452	NC_004037.2	7133	T	G	0	0	0	0	0	1
453	NC_004037.2	7155	T	TC	0	0	1	0	0	0
454	NC_004037.2	7171	T	TG	0	0	1	0	0	0
455	NC_004037.2	7229	A	AA	0	0	1	0	0	0
456	NC_004037.2	7241	G	GT	0	0	1	0	0	0
457	NC_004037.2	7283	A	AA	0	0	0	0	0	1
458	NC_004037.2	7306	T	TG	0	0	0	1	0	0
459	NC_004037.2	7311	A	T	0	0	0	0	0	1
460	NC_004037.2	7316	T	G	0	0	0	0	0	1
461	NC_004037.2	7321	G	C	0	0	1	0	0	0
462	NC_004037.2	7329	A	T	0	0	0	0	0	1
463	NC_004037.2	7341	T	TC	0	0	0	1	0	0
464	NC_004037.2	7356	C	A	0	0	0	0	0	1
465	NC_004037.2	7359	T	TG	0	0	0	1	0	0
466	NC_004037.2	7369	T	G	0	0	0	0	0	1
467	NC_004037.2	7370	G	GT	0	0	1	0	0	0
468	NC_004037.2	7407	A	T	0	0	0	0	1	1
469	NC_004037.2	7437	A	AA	0	0	1	0	0	0
470	NC_004037.2	7448	T	TG	0	0	1	0	0	0
471	NC_004037.2	7460	T	G	0	0	0	0	1	0
472	NC_004037.2	7467	T	TC	0	0	1	0	0	0
473	NC_004037.2	7473	G	C	0	0	0	0	1	0
474	NC_004037.2	7480	A	AA,AG	0	0	1	2	0	0
475	NC_004037.2	7522	T	G	0	0	0	0	1	0
476	NC_004037.2	7575	T	TG	0	0	1	0	0	0
477	NC_004037.2	7590	G	GG	0	0	1	0	0	0
478	NC_004037.2	7595	A	AG	0	0	0	1	0	0
479	NC_004037.2	7620	C	A	0	0	0	0	1	0
480	NC_004037.2	7625	A	AC	0	0	0	1	0	0
481	NC_004037.2	7645	T	TG	0	0	0	1	0	0
482	NC_004037.2	7658	G	GT	0	0	0	1	0	0
483	NC_004037.2	7694	A	T	0	0	0	0	1	0
484	NC_004037.2	7701	T	G	0	0	0	0	0	1
485	NC_004037.2	7720	T	G	0	0	0	0	0	1
486	NC_004037.2	7739	A	T	0	0	0	0	1	0
487	NC_004037.2	7747	G	C	0	0	0	0	1	0
488	NC_004037.2	7750	T	TA	0	0	1	0	0	0
489	NC_004037.2	7771	A	T	0	0	0	0	1	0
490	NC_004037.2	7777	T	G	0	0	0	0	1	0
491	NC_004037.2	7805	T	G	0	0	0	0	1	0
492	NC_004037.2	7813	T	G	1	0	0	0	0	0
493	NC_004037.2	7824	T	G	0	0	0	0	0	1
494	NC_004037.2	7832	A	T	0	0	0	0	0	1
495	NC_004037.2	7833	A	AC	0	0	1	0	0	0
496	NC_004037.2	7855	G	GC	0	0	0	0	0	1
497	NC_004037.2	7861	A	T	0	0	0	0	0	1
498	NC_004037.2	7882	C	CT	0	0	0	1	0	0
499	NC_004037.2	7883	A	T	0	0	0	0	1	0
500	NC_004037.2	7888	A	T	0	0	1	0	0	0
501	NC_004037.2	7894	T	G	0	0	0	0	0	1
502	NC_004037.2	7918	T	TC	0	0	1	0	0	0
503	NC_004037.2	7925	A	AG	0	0	1	0	0	0
504	NC_004037.2	7951	C	CG	0	0	1	0	0	0
505	NC_004037.2	7966	C	A	0	0	0	0	1	0
506	NC_004037.2	7980	A	AC	0	0	1	0	0	0
507	NC_004037.2	8009	A	AA	0	0	1	0	0	0
508	NC_004037.2	8029	T	TT	0	0	1	0	0	0
509	NC_004037.2	8035	C	A	0	0	1	0	0	0
510	NC_004037.2	8051	G	GT	0	0	1	0	0	0
511	NC_004037.2	8072	T	TC	0	0	0	1	0	0
512	NC_004037.2	8089	T	TT	0	0	1	0	0	0
513	NC_004037.2	8090	A	T	0	0	0	0	1	0
514	NC_004037.2	8092	G	C	0	0	0	0	1	0
515	NC_004037.2	8119	T	TA	0	0	0	1	0	0
516	NC_004037.2	8124	A	T	0	0	0	0	1	0
517	NC_004037.2	8134	G	GA	0	0	0	1	0	0
518	NC_004037.2	8158	T	G	0	0	0	1	0	0
519	NC_004037.2	8163	C	CC	0	0	0	1	0	0
520	NC_004037.2	8171	T	TC	0	0	0	1	0	0
521	NC_004037.2	8173	C	A	0	0	0	0	0	1
522	NC_004037.2	8194	T	G	0	0	0	0	0	1
523	NC_004037.2	8196	A	AT	0	0	1	0	0	0
524	NC_004037.2	8208	G	GA	0	0	1	0	0	0
525	NC_004037.2	8225	A	AT	0	0	1	0	0	0
526	NC_004037.2	8232	A	T	0	0	0	0	0	1
527	NC_004037.2	8240	T	TC	0	0	0	1	0	0
528	NC_004037.2	8241	G	C	0	0	0	0	0	1
529	NC_004037.2	8249	T	G	0	0	0	0	0	1
530	NC_004037.2	8252	T	G	0	0	0	0	0	1
531	NC_004037.2	8259	C	CT	0	0	0	1	0	0
532	NC_004037.2	8286	T	G	0	0	0	0	0	1
533	NC_004037.2	8298	T	G	0	0	0	0	0	1
534	NC_004037.2	8318	T	G	0	0	0	0	0	1
535	NC_004037.2	8332	A	T	0	1	0	0	0	0
536	NC_004037.2	8334	T	G	0	0	0	0	1	0
537	NC_004037.2	8352	T	G	0	0	0	0	0	1
538	NC_004037.2	8356	G	C	0	0	0	0	1	0
539	NC_004037.2	8358	A	AG	0	0	0	0	0	1
540	NC_004037.2	8361	T	TG	0	0	0	1	0	0
541	NC_004037.2	8366	C	A	0	0	0	0	1	0
542	NC_004037.2	8376	T	G	0	0	0	0	1	0
543	NC_004037.2	8378	A	AC	0	0	0	1	0	0
544	NC_004037.2	8409	A	AA	0	0	0	1	0	0
545	NC_004037.2	8410	A	T	0	0	0	0	1	0
546	NC_004037.2	8422	A	T	0	0	0	0	1	0
547	NC_004037.2	8437	T	G	0	0	0	0	1	0
548	NC_004037.2	8453	A	T	0	0	0	0	0	1
549	NC_004037.2	8463	T	TT	0	0	0	1	0	0
550	NC_004037.2	8464	T	G	0	0	0	0	1	0
551	NC_004037.2	8471	A	T	0	0	0	0	1	0
552	NC_004037.2	8476	T	TT	0	0	0	1	0	0
553	NC_004037.2	8534	C	A,CG	0	0	0	2	1	0
554	NC_004037.2	8545	G	C	0	0	0	0	0	1
555	NC_004037.2	8578	T	TC	0	0	1	0	0	0
556	NC_004037.2	8579	A	T	0	0	0	0	0	1
557	NC_004037.2	8613	C	A	0	0	0	0	0	1
558	NC_004037.2	8617	G	GA	0	1	0	0	0	1
559	NC_004037.2	8622	T	TT	0	0	1	0	0	0
560	NC_004037.2	8641	C	A	0	0	0	0	0	1
561	NC_004037.2	8651	A	AG	0	0	0	1	0	0
562	NC_004037.2	8655	A	AC	0	0	0	1	0	0
563	NC_004037.2	8664	G	GA	0	0	1	0	0	0
564	NC_004037.2	8671	G	C	0	0	0	0	0	1
565	NC_004037.2	8673	A	T	0	0	0	0	0	1
566	NC_004037.2	8710	G	GA	0	0	1	0	0	0
567	NC_004037.2	8711	A	T	0	0	0	0	0	1
568	NC_004037.2	8726	T	TC	0	1	0	0	0	0
569	NC_004037.2	8737	T	G	0	0	0	0	0	1
570	NC_004037.2	8768	C	A	0	0	0	0	0	1
571	NC_004037.2	8772	G	C	0	0	0	0	0	1
572	NC_004037.2	8780	T	TA	0	0	1	0	0	0
573	NC_004037.2	8796	G	GT	0	0	1	0	0	0
574	NC_004037.2	8797	G	GC	0	0	1	0	0	0
575	NC_004037.2	8804	A	T,AA	0	0	0	0	1	2
576	NC_004037.2	8816	T	G	0	0	0	0	0	1
577	NC_004037.2	8854	G	C	0	0	0	0	0	1
578	NC_004037.2	8861	A	T	0	0	0	0	0	1
579	NC_004037.2	8896	T	TT	1	1	0	0	0	0
580	NC_004037.2	8899	G	GC	0	0	0	1	0	0
581	NC_004037.2	8904	G	C	0	0	0	0	0	1
582	NC_004037.2	8939	T	TT	0	0	0	1	0	0
583	NC_004037.2	8950	G	C	0	0	0	0	1	0
584	NC_004037.2	8958	A	AT	0	0	0	1	0	0
585	NC_004037.2	8962	A	AA	0	0	0	0	0	1
586	NC_004037.2	8973	G	C	0	0	0	0	1	0
587	NC_004037.2	8978	A	AC	0	0	0	1	0	0
588	NC_004037.2	8985	A	AG	0	0	0	1	0	0
589	NC_004037.2	9000	T	G	0	0	0	0	1	0
590	NC_004037.2	9019	T	TT	0	0	0	1	0	0
591	NC_004037.2	9026	T	TG	0	0	0	1	0	0
592	NC_004037.2	9047	A	T	0	0	0	0	1	0
593	NC_004037.2	9060	G	GT	0	0	1	0	0	0
594	NC_004037.2	9064	A	AT	0	0	1	0	0	0
595	NC_004037.2	9077	T	TG	0	0	1	0	0	0
596	NC_004037.2	9084	T	G	0	0	0	0	1	0
597	NC_004037.2	9097	C	CG	0	0	1	0	0	0
598	NC_004037.2	9106	G	GA	0	0	1	0	0	0
599	NC_004037.2	9120	A	AA	0	0	1	0	0	0
600	NC_004037.2	9125	C	CG	0	0	1	0	0	0
601	NC_004037.2	9139	A	AT,AA	0	0	1	2	0	0
602	NC_004037.2	9148	T	TA	0	0	0	1	0	0
603	NC_004037.2	9161	G	GA	0	0	1	0	0	0
604	NC_004037.2	9173	A	AC	0	0	1	0	0	0
605	NC_004037.2	9228	A	T	0	0	0	0	1	0
606	NC_004037.2	9246	A	T	0	0	0	0	1	0
607	NC_004037.2	9269	T	G	0	0	0	0	0	1
608	NC_004037.2	9297	T	G	0	0	0	0	1	0
609	NC_004037.2	9349	C	A	0	0	0	0	1	0
610	NC_004037.2	9370	A	T	0	0	0	0	1	0
611	NC_004037.2	9375	A	AG	0	0	1	0	0	0
612	NC_004037.2	9409	A	T	0	0	0	0	1	0
613	NC_004037.2	9417	T	TA	0	0	0	0	1	0
614	NC_004037.2	9430	A	AC	0	0	1	0	0	0
615	NC_004037.2	9434	T	G	0	0	0	0	0	1
616	NC_004037.2	9435	G	GG	1	0	0	0	0	0
617	NC_004037.2	9436	A	AT	0	0	1	0	0	0
618	NC_004037.2	9440	T	TC	0	0	1	0	0	0
619	NC_004037.2	9466	T	G	0	0	0	0	0	1
620	NC_004037.2	9484	G	GA	0	0	1	0	0	0
621	NC_004037.2	9491	T	G	0	0	0	0	0	1
622	NC_004037.2	9495	G	GT	0	0	0	1	0	0
623	NC_004037.2	9497	T	G	0	0	0	0	0	1
624	NC_004037.2	9509	A	AC	0	0	0	1	0	0
625	NC_004037.2	9515	C	A	0	0	0	0	0	1
626	NC_004037.2	9520	A	AT	0	0	0	1	0	0
627	NC_004037.2	9525	A	T	0	0	0	0	1	0
628	NC_004037.2	9547	G	C	0	0	0	0	1	0
629	NC_004037.2	9555	G	C	0	0	0	1	0	0
630	NC_004037.2	9573	T	TA	0	0	0	1	0	0
631	NC_004037.2	9579	A	AG	0	0	1	1	0	0
632	NC_004037.2	9600	C	A	0	0	0	0	1	0
633	NC_004037.2	9602	T	TC	0	0	0	1	0	0
634	NC_004037.2	9622	T	G	0	0	0	0	1	1
635	NC_004037.2	9632	A	T	0	0	0	0	0	1
636	NC_004037.2	9636	T	TC	0	0	1	0	0	0
637	NC_004037.2	9641	T	TC	0	0	1	0	0	0
638	NC_004037.2	9649	T	G	0	0	0	0	0	1
639	NC_004037.2	9662	A	T	0	0	0	0	0	1
640	NC_004037.2	9670	C	CT	0	0	1	0	0	0
641	NC_004037.2	9684	T	TA	0	0	1	0	0	0
642	NC_004037.2	9690	T	G	0	0	0	0	0	1
643	NC_004037.2	9700	T	TT	0	0	1	0	0	0
644	NC_004037.2	9714	C	CT	0	0	0	1	0	0
645	NC_004037.2	9745	T	G	0	0	0	0	0	1
646	NC_004037.2	9781	A	T	0	0	0	0	0	1
647	NC_004037.2	9795	T	G	0	0	0	0	0	1
648	NC_004037.2	9829	T	G	0	0	0	0	0	1
649	NC_004037.2	9831	A	T	0	0	0	0	1	0
650	NC_004037.2	9845	T	G	0	0	0	0	0	1
651	NC_004037.2	9854	A	T	0	0	0	0	0	1
652	NC_004037.2	9860	T	G	0	0	0	0	0	1
653	NC_004037.2	9870	T	G	0	0	0	0	0	1
654	NC_004037.2	9874	T	TG	0	0	0	1	0	0
655	NC_004037.2	9890	A	T	0	0	0	0	0	1
656	NC_004037.2	9900	T	TG	0	0	0	1	0	0
657	NC_004037.2	9905	A	T	0	0	0	0	1	1
658	NC_004037.2	9909	A	T	0	0	0	0	1	0
659	NC_004037.2	9927	T	G	0	0	0	0	1	0
660	NC_004037.2	9955	C	CG	0	0	0	1	0	0
661	NC_004037.2	9962	T	G	0	0	0	0	1	0
662	NC_004037.2	9965	T	TG	0	0	0	1	0	0
663	NC_004037.2	9980	T	TT	0	0	0	1	0	0
664	NC_004037.2	9991	T	G	0	0	0	0	0	1
665	NC_004037.2	9997	T	G	0	0	0	0	0	1
666	NC_004037.2	10009	T	TT	0	0	0	1	0	0
667	NC_004037.2	10027	A	T	0	0	0	0	1	0
668	NC_004037.2	10031	A	T	0	0	0	0	1	0
669	NC_004037.2	10036	G	C	0	0	0	0	0	1
670	NC_004037.2	10043	T	G	0	0	0	0	0	1
671	NC_004037.2	10066	A	AG	0	0	0	1	0	0
672	NC_004037.2	10079	T	TC	0	0	0	0	0	1
673	NC_004037.2	10092	A	AC	0	0	1	0	0	0
674	NC_004037.2	10141	A	AT	0	0	0	1	0	0
675	NC_004037.2	10234	A	AA	0	0	0	0	0	1
676	NC_004037.2	10270	G	C	0	0	0	0	0	1
677	NC_004037.2	10276	G	GA	0	0	1	0	0	0
678	NC_004037.2	10288	G	C	0	0	0	0	1	0
679	NC_004037.2	10298	G	GG	0	0	1	0	0	0
680	NC_004037.2	10303	G	C	0	0	0	0	1	0
681	NC_004037.2	10310	C	CG	0	0	1	0	0	0
682	NC_004037.2	10320	G	GC	0	0	1	0	0	0
683	NC_004037.2	10334	T	G	0	0	0	0	1	0
684	NC_004037.2	10341	A	T	0	0	0	0	0	1
685	NC_004037.2	10350	T	G	0	0	0	0	0	1
686	NC_004037.2	10371	T	G	0	0	0	0	0	1
687	NC_004037.2	10380	C	A	0	0	0	0	0	1
688	NC_004037.2	10390	T	G	0	0	0	0	0	1
689	NC_004037.2	10402	A	T	0	0	0	0	0	1
690	NC_004037.2	10413	C	A	0	0	0	0	1	1
691	NC_004037.2	10426	T	TA	0	0	1	0	0	0
692	NC_004037.2	10437	A	AA	0	0	0	1	0	0
693	NC_004037.2	10438	T	TG	0	1	0	0	0	0
694	NC_004037.2	10456	A	AC	0	0	0	1	0	0
695	NC_004037.2	10474	C	CT	0	0	0	1	0	0
696	NC_004037.2	10487	T	TC	0	0	0	1	0	0
697	NC_004037.2	10516	A	T	0	0	0	0	0	1
698	NC_004037.2	10523	A	AT	0	1	0	0	0	0
699	NC_004037.2	10542	T	G	0	0	0	0	0	1
700	NC_004037.2	10549	T	G	0	0	0	0	0	1
701	NC_004037.2	10563	T	G	0	0	0	0	0	1
702	NC_004037.2	10587	T	TG	0	0	0	1	0	0
703	NC_004037.2	10608	A	T	0	0	0	0	1	0
704	NC_004037.2	10622	A	T	0	0	0	0	1	0
705	NC_004037.2	10626	G	GC	0	0	0	1	0	0
706	NC_004037.2	10635	T	TA	0	0	1	0	0	0
707	NC_004037.2	10652	C	A	0	0	0	0	1	0
708	NC_004037.2	10664	C	A	0	0	0	0	1	0
709	NC_004037.2	10665	T	TA	0	0	0	1	0	0
710	NC_004037.2	10668	A	T	0	0	0	0	0	1
711	NC_004037.2	10671	T	TG	0	0	0	1	0	0
712	NC_004037.2	10673	A	AG	0	0	1	0	0	0
713	NC_004037.2	10675	G	C	0	0	0	0	0	1
714	NC_004037.2	10682	T	G	0	0	0	0	0	1
715	NC_004037.2	10693	C	CT	0	0	1	0	0	0
716	NC_004037.2	10698	A	AT	0	0	1	0	0	0
717	NC_004037.2	10713	T	TA	0	0	1	0	0	0
718	NC_004037.2	10734	T	G	0	0	0	0	0	1
719	NC_004037.2	10748	T	G	0	0	0	0	0	1
720	NC_004037.2	10752	A	AA	0	0	1	0	0	0
721	NC_004037.2	10762	T	TG	0	0	1	0	0	0
722	NC_004037.2	10792	A	T	0	0	0	0	0	1
723	NC_004037.2	10811	T	G	0	0	0	0	0	1
724	NC_004037.2	10812	G	GC	0	0	0	0	1	0
725	NC_004037.2	10817	A	AC	0	0	1	0	0	0
726	NC_004037.2	10825	G	GA	0	0	1	0	0	0
727	NC_004037.2	10831	T	G	0	0	0	0	0	1
728	NC_004037.2	10833	T	G	0	0	0	0	0	1
729	NC_004037.2	10853	C	CG	0	0	0	1	0	0
730	NC_004037.2	10854	A	T	0	0	0	0	1	0
731	NC_004037.2	10864	T	TA	0	0	0	1	0	0
732	NC_004037.2	10868	T	G	0	0	0	0	1	0
733	NC_004037.2	10875	A	AA	0	0	0	1	0	0
734	NC_004037.2	10884	A	AG	0	0	0	1	0	0
735	NC_004037.2	10885	T	G	0	0	0	0	1	0
736	NC_004037.2	10889	A	T	0	0	0	0	0	1
737	NC_004037.2	10912	T	G	0	0	0	0	1	0
738	NC_004037.2	10931	C	A	0	0	0	0	1	0
739	NC_004037.2	10945	G	C	0	0	0	0	1	0
740	NC_004037.2	10997	T	TT	0	0	0	1	0	0
741	NC_004037.2	11060	A	T	0	0	0	0	0	1
742	NC_004037.2	11063	T	G	0	0	0	0	0	1
743	NC_004037.2	11074	A	T	0	0	0	0	0	1
744	NC_004037.2	11085	G	C	0	0	0	0	1	0
745	NC_004037.2	11103	A	AT	0	0	1	0	0	0
746	NC_004037.2	11105	T	G	0	0	0	0	0	1
747	NC_004037.2	11113	A	AG	0	0	0	1	0	0
748	NC_004037.2	11118	T	G	0	0	0	0	0	1
749	NC_004037.2	11126	C	CC	0	0	0	0	0	1
750	NC_004037.2	11142	A	AG	0	0	1	0	0	0
751	NC_004037.2	11151	T	TG	0	0	0	1	0	0
752	NC_004037.2	11153	A	T	0	0	0	0	0	1
753	NC_004037.2	11165	C	CT,CC	0	0	1	2	0	0
754	NC_004037.2	11167	T	TA	0	1	0	0	0	0
755	NC_004037.2	11175	T	G	0	0	0	0	0	1
756	NC_004037.2	11194	A	T	0	0	0	0	0	1
757	NC_004037.2	11203	T	TA	0	0	1	0	0	0
758	NC_004037.2	11210	C	A	0	0	0	0	1	0
759	NC_004037.2	11214	T	G	0	0	0	0	1	0
760	NC_004037.2	11222	T	G	0	0	0	0	1	0
761	NC_004037.2	11226	C	CG	0	0	1	0	0	0
762	NC_004037.2	11232	T	TC	0	0	1	0	0	0
763	NC_004037.2	11242	A	AT	0	0	0	1	0	0
764	NC_004037.2	11248	T	G	0	0	0	0	1	0
765	NC_004037.2	11269	A	AG	0	0	0	0	1	0
766	NC_004037.2	11271	A	AG	0	0	0	1	0	0
767	NC_004037.2	11282	C	CT	0	0	0	1	0	0
768	NC_004037.2	11375	C	A	0	0	0	0	1	0
769	NC_004037.2	11384	T	G	0	0	0	0	1	0
770	NC_004037.2	11394	A	AG	0	0	0	1	0	0
771	NC_004037.2	11395	G	GT	0	0	1	1	0	0
772	NC_004037.2	11412	A	AT	0	0	0	1	0	0
773	NC_004037.2	11418	T	TG	0	0	1	0	0	0
774	NC_004037.2	11443	A	AA,T	0	0	1	0	2	0
775	NC_004037.2	11446	G	C	0	0	0	0	0	1
776	NC_004037.2	11452	A	AG	0	0	1	0	0	0
777	NC_004037.2	11459	T	TA	0	0	1	0	0	0
778	NC_004037.2	11493	G	GT	0	0	0	1	0	0
779	NC_004037.2	11543	C	CA	0	0	0	1	0	0
780	NC_004037.2	11559	T	TT	0	0	0	1	0	0
781	NC_004037.2	11564	T	G	0	0	0	0	0	1
782	NC_004037.2	11565	G	C	0	1	0	0	0	0
783	NC_004037.2	11580	A	T	0	0	0	0	0	1
784	NC_004037.2	11585	A	T	0	0	0	0	1	0
785	NC_004037.2	11586	A	AT	0	0	0	1	0	0
786	NC_004037.2	11598	T	TC	0	0	0	1	0	0
787	NC_004037.2	11617	G	GA	0	0	0	1	0	0
788	NC_004037.2	11618	A	T	0	0	0	0	1	0
789	NC_004037.2	11623	G	C	0	0	0	0	1	1
790	NC_004037.2	11641	T	TA	0	0	0	1	0	0
791	NC_004037.2	11647	G	C	0	0	0	0	1	0
792	NC_004037.2	11656	T	TG	0	0	0	1	0	0
793	NC_004037.2	11662	G	C	0	0	0	0	1	0
794	NC_004037.2	11664	T	G	0	0	0	0	0	1
795	NC_004037.2	11675	A	AT	0	0	0	1	0	0
796	NC_004037.2	11688	A	T	1	0	0	0	0	0
797	NC_004037.2	11709	A	T	0	0	0	0	0	1
798	NC_004037.2	11723	A	T	0	0	0	0	0	1
799	NC_004037.2	11753	A	AG	0	0	0	1	0	0
800	NC_004037.2	11778	G	GC	0	0	0	1	0	0
801	NC_004037.2	11785	T	G	0	0	0	0	0	1
802	NC_004037.2	11824	T	G	0	0	0	0	0	1
803	NC_004037.2	11846	G	GT	0	0	0	1	0	0
804	NC_004037.2	11850	A	T	0	0	0	0	0	1
805	NC_004037.2	11864	A	T	0	1	0	0	0	0
806	NC_004037.2	11868	A	T	0	0	0	0	0	1
807	NC_004037.2	11879	A	AG	0	0	0	1	0	0
808	NC_004037.2	11894	T	G	0	0	0	0	0	1
809	NC_004037.2	11898	C	A	0	0	0	0	0	1
810	NC_004037.2	11909	A	AT	0	0	1	0	0	0
811	NC_004037.2	11923	G	C	0	0	0	0	0	1
812	NC_004037.2	11959	A	AT	0	0	1	0	0	0
813	NC_004037.2	11981	C	A	0	0	0	0	1	0
814	NC_004037.2	11990	C	A	0	0	0	0	1	0
815	NC_004037.2	12011	T	G	0	0	0	0	1	0
816	NC_004037.2	12072	T	TA	0	0	1	0	0	0
817	NC_004037.2	12090	T	TC	0	0	0	1	0	0
818	NC_004037.2	12104	A	AA	0	0	1	0	0	0
819	NC_004037.2	12113	C	A	0	0	0	0	1	0
820	NC_004037.2	12133	G	C	0	0	0	0	0	1
821	NC_004037.2	12135	T	TA,TT	0	0	1	2	0	0
822	NC_004037.2	12144	G	GC	0	0	1	0	0	0
823	NC_004037.2	12160	T	TA	0	0	1	0	0	0
824	NC_004037.2	12161	G	C	0	0	0	0	0	1
825	NC_004037.2	12174	G	C	0	0	0	0	0	1
826	NC_004037.2	12180	T	TG	0	0	1	0	0	0
827	NC_004037.2	12196	T	G	0	0	0	0	0	1
828	NC_004037.2	12202	A	T	0	0	0	0	0	1
829	NC_004037.2	12212	A	AA	0	0	1	0	0	0
830	NC_004037.2	12215	T	G	0	0	0	0	0	1
831	NC_004037.2	12245	T	G	0	0	0	0	1	1
832	NC_004037.2	12264	T	G	0	0	0	0	1	0
833	NC_004037.2	12323	G	GG	0	0	0	0	0	1
834	NC_004037.2	12329	A	AT	0	1	0	0	0	0
835	NC_004037.2	12340	C	CG	0	0	0	1	0	0
836	NC_004037.2	12370	T	TC	0	0	1	0	0	0
837	NC_004037.2	12382	C	A	0	0	1	0	0	0
838	NC_004037.2	12387	A	AA	0	0	1	0	0	0
839	NC_004037.2	12402	T	TT	0	0	1	0	0	0
840	NC_004037.2	12407	A	T	0	0	0	0	1	0
841	NC_004037.2	12408	C	CT,CA	0	0	1	2	0	0
842	NC_004037.2	12414	A	T	0	0	0	0	1	0
843	NC_004037.2	12443	T	G	0	0	0	0	1	0
844	NC_004037.2	12455	C	A	0	0	0	0	0	1
845	NC_004037.2	12459	A	AT	0	0	0	1	0	0
846	NC_004037.2	12463	G	GG	0	0	0	0	0	1
847	NC_004037.2	12471	T	TG	0	0	0	1	0	0
848	NC_004037.2	12478	G	GG,GC	0	0	1	2	0	0
849	NC_004037.2	12494	A	T	0	0	0	0	0	1
850	NC_004037.2	12509	A	T	0	0	0	0	0	1
851	NC_004037.2	12517	T	G	0	0	0	0	0	1
852	NC_004037.2	12525	T	G	1	0	0	0	0	0
853	NC_004037.2	12547	T	TA	0	0	0	1	0	0
854	NC_004037.2	12571	G	GG	0	0	1	0	0	0
855	NC_004037.2	12628	A	AT	0	0	0	1	0	0
856	NC_004037.2	12639	T	G	0	0	0	0	0	1
857	NC_004037.2	12642	C	A	0	1	0	0	0	1
858	NC_004037.2	12644	C	CC	0	0	0	1	0	0
859	NC_004037.2	12680	T	TG	0	0	0	1	0	0
860	NC_004037.2	12715	T	G	0	0	0	0	0	1
861	NC_004037.2	12724	G	GG,C	0	0	1	0	0	2
862	NC_004037.2	12729	A	T	0	0	0	0	0	1
863	NC_004037.2	12735	T	TA	0	0	1	0	0	0
864	NC_004037.2	12746	C	CC	0	0	0	1	0	0
865	NC_004037.2	12757	A	AG	0	1	0	0	0	0
866	NC_004037.2	12768	A	T	0	0	0	0	0	1
867	NC_004037.2	12779	T	G	0	1	0	0	0	0
868	NC_004037.2	12783	T	TA	0	0	1	0	0	0
869	NC_004037.2	12792	T	G	0	0	0	0	1	0
870	NC_004037.2	12816	T	TA	0	0	0	1	0	0
871	NC_004037.2	12829	C	A	0	0	0	0	1	0
872	NC_004037.2	12839	C	A	0	0	0	0	1	0
873	NC_004037.2	12840	A	AT	0	0	0	1	0	0
874	NC_004037.2	12856	A	AC	0	0	1	0	0	0
875	NC_004037.2	12857	T	G	0	0	0	0	1	0
876	NC_004037.2	12871	C	CT,CA	0	0	1	2	0	0
877	NC_004037.2	12873	A	T	0	0	0	0	0	1
878	NC_004037.2	12878	C	CC	0	0	0	1	0	0
879	NC_004037.2	12884	A	T	0	0	0	0	0	1
880	NC_004037.2	12887	C	A	0	0	0	0	0	1
881	NC_004037.2	12895	A	T	0	0	0	0	0	1
882	NC_004037.2	12905	A	T	0	0	0	0	1	0
883	NC_004037.2	12915	A	AA	0	0	1	0	0	0
884	NC_004037.2	12916	A	T	0	0	0	0	1	0
885	NC_004037.2	12957	T	TG	0	0	1	0	0	0
886	NC_004037.2	12958	T	G	0	0	0	0	1	0
887	NC_004037.2	12997	T	TT	1	0	0	0	0	0
888	NC_004037.2	13007	T	TG	0	0	1	0	0	0
889	NC_004037.2	13024	A	T	0	0	0	0	0	1
890	NC_004037.2	13067	T	G	0	0	0	0	0	1
891	NC_004037.2	13072	C	A	0	0	0	0	0	1
892	NC_004037.2	13075	C	CT	0	0	1	0	0	0
893	NC_004037.2	13088	T	G	0	0	0	0	0	1
894	NC_004037.2	13143	A	AC	0	0	0	1	0	0
895	NC_004037.2	13147	A	AG	0	0	1	0	0	0
896	NC_004037.2	13156	A	AT	0	0	0	1	0	0
897	NC_004037.2	13165	C	CA	0	0	0	1	0	0
898	NC_004037.2	13195	A	AG	0	0	0	1	0	0
899	NC_004037.2	13206	A	T	0	1	0	0	0	0
900	NC_004037.2	13208	A	AA	0	0	0	1	0	0
901	NC_004037.2	13226	C	CG	0	0	0	1	0	0
902	NC_004037.2	13279	T	G	0	0	0	0	1	0
903	NC_004037.2	13286	T	G	0	0	0	0	0	1
904	NC_004037.2	13305	G	C	0	0	0	0	0	1
905	NC_004037.2	13311	T	G	0	0	0	0	1	0
906	NC_004037.2	13321	T	TA	0	0	0	1	0	0
907	NC_004037.2	13352	G	GA	1	0	0	0	0	0
908	NC_004037.2	13362	C	A	0	0	0	0	1	0
909	NC_004037.2	13371	T	G	0	0	0	0	1	1
910	NC_004037.2	13372	G	C	0	0	0	0	1	0
911	NC_004037.2	13419	G	GG	0	0	0	1	0	0
912	NC_004037.2	13438	G	GG	0	0	0	1	0	0
913	NC_004037.2	13441	G	C	0	0	0	0	0	1
914	NC_004037.2	13443	G	GG	0	0	0	1	0	0
915	NC_004037.2	13451	A	AT	0	0	0	1	0	0
916	NC_004037.2	13511	A	T	0	0	0	0	0	1
917	NC_004037.2	13590	A	AG	1	0	0	0	0	0
918	NC_004037.2	13619	T	G	0	1	0	0	0	0
919	NC_004037.2	13622	A	T	0	0	0	0	1	0
920	NC_004037.2	13636	A	AC	0	0	0	1	0	0
921	NC_004037.2	13642	C	A	0	0	0	0	1	0
922	NC_004037.2	13674	G	C	0	0	0	0	1	0
923	NC_004037.2	13680	T	TG	0	0	0	1	0	0
924	NC_004037.2	13688	T	TC	1	0	0	0	0	0
925	NC_004037.2	13690	A	AT	0	0	1	0	0	0
926	NC_004037.2	13699	C	CG	0	0	1	0	0	0
927	NC_004037.2	13702	C	CG	0	0	1	0	0	0
928	NC_004037.2	13708	A	T	0	1	0	0	0	0
929	NC_004037.2	13716	A	AC	0	0	0	0	0	1
930	NC_004037.2	13735	A	AT	0	0	1	0	0	0
931	NC_004037.2	13769	A	T	0	0	0	0	0	1
932	NC_004037.2	13775	T	TT	0	0	0	1	0	0
933	NC_004037.2	13797	T	G	0	0	0	0	0	1
934	NC_004037.2	13801	A	AA	0	0	0	1	0	0
935	NC_004037.2	13822	A	AT	0	0	0	1	0	0
936	NC_004037.2	13837	G	C	0	0	0	0	0	1
937	NC_004037.2	13850	C	A	0	0	0	0	0	1
938	NC_004037.2	13855	A	AT	0	0	0	1	0	0
939	NC_004037.2	13862	C	CG	0	0	0	1	0	0
940	NC_004037.2	13898	T	G	0	0	0	0	1	0
941	NC_004037.2	13906	A	T	0	0	0	0	1	0
942	NC_004037.2	13911	A	AT	0	0	0	1	0	0
943	NC_004037.2	13913	C	A	0	0	0	0	1	0
944	NC_004037.2	13925	T	G	0	0	0	0	1	0
945	NC_004037.2	13937	C	CA	0	0	0	1	0	0
946	NC_004037.2	13940	C	A	0	0	0	0	0	1
947	NC_004037.2	13957	T	G,TA	0	0	0	2	0	1
948	NC_004037.2	13974	T	TA	0	0	0	1	0	0
949	NC_004037.2	13998	G	C	0	0	0	0	0	1
950	NC_004037.2	14008	G	C	0	0	0	0	0	1
951	NC_004037.2	14011	T	G	0	0	0	0	0	1
952	NC_004037.2	14021	A	T	0	0	0	0	1	0
953	NC_004037.2	14043	G	C	0	0	0	0	1	0
954	NC_004037.2	14051	G	GC	0	0	0	1	0	0
955	NC_004037.2	14068	T	G	0	0	0	0	1	0
956	NC_004037.2	14071	T	G	0	0	0	0	0	1
957	NC_004037.2	14073	C	CT	0	0	0	1	0	0
958	NC_004037.2	14101	T	G	0	0	0	0	0	1
959	NC_004037.2	14103	A	AC	0	0	1	0	0	0
960	NC_004037.2	14104	G	GG	0	0	0	0	0	1
961	NC_004037.2	14114	C	CG	0	0	1	0	0	0
962	NC_004037.2	14118	G	C	0	0	0	0	0	1
963	NC_004037.2	14120	C	A	0	1	0	0	0	0
964	NC_004037.2	14121	T	TG	0	0	1	0	0	0
965	NC_004037.2	14131	A	T	0	0	0	0	0	1
966	NC_004037.2	14135	G	GA	0	0	1	0	0	0
967	NC_004037.2	14149	A	AG	0	0	1	0	0	0
968	NC_004037.2	14155	A	AT	0	0	0	1	0	0
969	NC_004037.2	14171	T	TG	0	0	1	0	0	0
970	NC_004037.2	14179	T	G	0	1	0	0	0	0
971	NC_004037.2	14201	A	T	0	0	0	0	0	1
972	NC_004037.2	14205	T	TA	0	0	1	0	0	0
973	NC_004037.2	14302	A	T	0	0	0	0	0	1
974	NC_004037.2	14312	A	AC	0	0	1	0	0	0
975	NC_004037.2	14321	A	T	0	0	0	0	0	1
976	NC_004037.2	14338	T	G	0	0	0	0	0	1
977	NC_004037.2	14339	G	C	0	0	1	0	0	0
978	NC_004037.2	14348	A	AC	0	0	1	0	0	0
979	NC_004037.2	14359	A	AG	0	0	1	0	0	0
980	NC_004037.2	14379	C	A	0	0	0	0	0	1
981	NC_004037.2	14429	A	T	0	0	0	0	0	1
982	NC_004037.2	14446	T	G	0	0	0	0	0	1
983	NC_004037.2	14463	A	T	0	0	0	0	1	0
984	NC_004037.2	14491	A	T	0	0	0	0	1	0
985	NC_004037.2	14497	A	T	0	0	0	0	0	1
986	NC_004037.2	14506	A	AA	0	0	1	0	0	0
987	NC_004037.2	14512	T	TC	0	0	1	0	0	0
988	NC_004037.2	14527	G	C	0	0	0	0	0	1
989	NC_004037.2	14540	G	GT	0	0	1	0	0	0
990	NC_004037.2	14554	T	TG	0	0	0	0	0	1
991	NC_004037.2	14573	T	TT	0	0	1	0	0	0
992	NC_004037.2	14597	A	T	0	0	0	0	0	1
993	NC_004037.2	14607	C	A	0	0	0	0	0	1
994	NC_004037.2	14614	G	C	0	0	0	0	1	0
995	NC_004037.2	14625	C	A	0	0	0	0	1	0
996	NC_004037.2	14630	T	TC	1	0	0	0	0	0
997	NC_004037.2	14635	G	GG	0	0	1	0	0	0
998	NC_004037.2	14653	A	AG	0	0	0	1	0	0
999	NC_004037.2	14669	G	GG	0	0	0	1	0	0
1000	NC_004037.2	14670	G	C	0	0	0	0	1	0
1001	NC_004037.2	14672	A	T	0	0	0	0	1	0
1002	NC_004037.2	14677	T	G	0	0	0	0	0	1
1003	NC_004037.2	14681	C	CA	0	0	0	1	0	0
1004	NC_004037.2	14705	T	TC	0	0	0	1	0	0
1005	NC_004037.2	14726	T	G	0	0	0	0	1	0
1006	NC_004037.2	14736	G	GT	0	0	0	0	0	1
1007	NC_004037.2	14765	T	G	0	0	0	0	1	0
1008	NC_004037.2	14773	A	AC	0	0	1	0	0	0
1009	NC_004037.2	14782	T	TG	0	0	0	1	0	0
1010	NC_004037.2	14783	T	G	0	0	0	0	1	0
1011	NC_004037.2	14791	T	G	0	0	0	0	1	0
1012	NC_004037.2	14797	T	G	0	0	0	0	1	0
1013	NC_004037.2	14809	A	AT	0	0	0	1	0	0
1014	NC_004037.2	14827	A	T	0	0	0	0	1	0
1015	NC_004037.2	14828	A	AG	0	0	1	0	0	0
1016	NC_004037.2	14841	T	TG	0	0	1	0	0	0
1017	NC_004037.2	14846	T	TA	0	0	1	0	0	0
1018	NC_004037.2	14849	A	T	0	0	0	0	1	0
1019	NC_004037.2	14852	A	T	0	0	0	0	1	0
1020	NC_004037.2	14867	A	T	0	0	0	0	0	1
1021	NC_004037.2	14872	T	G	0	0	0	0	1	0
1022	NC_004037.2	14886	T	TG,G	0	0	0	1	2	0
1023	NC_004037.2	14898	G	C,GT	0	0	2	0	1	0
1024	NC_004037.2	14912	A	T	0	0	0	0	1	0
1025	NC_004037.2	14937	G	GT	0	0	1	0	0	0
1026	NC_004037.2	14958	G	GC	0	0	0	1	0	0
1027	NC_004037.2	14965	A	T	0	0	0	0	1	0
1028	NC_004037.2	14987	T	G	0	0	0	0	0	1
1029	NC_004037.2	14989	T	G	0	0	0	0	1	0
1030	NC_004037.2	15038	T	G	0	0	0	0	0	1
1031	NC_004037.2	15053	A	T	0	0	0	0	0	1
1032	NC_004037.2	15058	A	T	0	0	0	0	1	0
1033	NC_004037.2	15086	A	T	0	0	0	0	1	0
1034	NC_004037.2	15113	A	T	0	0	1	0	0	0
1035	NC_004037.2	15165	G	C	0	0	0	0	1	0
1036	NC_004037.2	15169	C	A	0	0	0	0	0	1
1037	NC_004037.2	15188	A	AA	0	0	0	1	0	0
1038	NC_004037.2	15190	T	G	0	0	0	0	0	1
1039	NC_004037.2	15197	C	A	0	0	0	0	0	1
1040	NC_004037.2	15206	T	TA	0	0	0	1	0	0
1041	NC_004037.2	15249	G	GC	0	0	0	0	0	1
1042	NC_004037.2	15265	C	A	0	1	0	0	0	0
1043	NC_004037.2	15276	A	T	0	0	0	0	0	1
1044	NC_004037.2	15299	T	G	0	0	0	0	0	1
1045	NC_004037.2	15300	G	GA	0	0	0	1	0	0
1046	NC_004037.2	15307	A	AG	0	0	0	1	0	0
1047	NC_004037.2	15313	G	C	0	0	0	0	0	1
1048	NC_004037.2	15328	C	CT	0	0	0	1	0	0
1049	NC_004037.2	15333	G	C,GA	0	0	0	2	1	0
1050	NC_004037.2	15348	A	AA	0	0	1	0	0	0
1051	NC_004037.2	15371	T	G	0	0	0	0	1	0
1052	NC_004037.2	15387	G	C	0	0	0	0	0	1
1053	NC_004037.2	15399	A	AT	0	0	0	0	1	0
1054	NC_004037.2	15429	G	GG	0	0	1	0	0	0
1055	NC_004037.2	15450	G	C	0	0	0	0	1	0
1056	NC_004037.2	15461	C	CT	0	0	1	0	0	0
1057	NC_004037.2	15464	C	A	0	0	0	0	0	1
1058	NC_004037.2	15472	G	GC	0	0	1	0	0	0
1059	NC_004037.2	15478	A	T	0	0	0	0	1	0
1060	NC_004037.2	15492	T	TC,G	0	0	1	1	0	2
1061	NC_004037.2	15503	A	AT	0	0	1	0	0	0
1062	NC_004037.2	15518	T	TG	0	0	1	0	0	0
1063	NC_004037.2	15543	A	AA	0	0	1	0	0	0
1064	NC_004037.2	15545	T	TG	0	0	1	0	0	0
1065	NC_004037.2	15570	G	C	0	0	0	0	0	1
1066	NC_004037.2	15581	A	AT	0	0	0	1	0	0
1067	NC_004037.2	15595	A	AA	0	0	0	1	0	0
1068	NC_004037.2	15634	A	T	0	0	0	0	0	1
1069	NC_004037.2	15657	G	C	0	0	0	0	0	1
1070	NC_004037.2	15670	A	T	0	0	0	0	0	1
1071	NC_004037.2	15680	G	C	0	0	0	0	1	0
1072	NC_004037.2	15708	C	A	0	0	0	0	1	0
1073	NC_004037.2	15720	A	T	1	0	0	0	0	0
1074	NC_004037.2	15737	T	TG	0	0	0	1	0	0
1075	NC_004037.2	15769	C	A	0	0	0	0	1	0
1076	NC_004037.2	15775	C	CG	0	0	1	0	0	0
1077	NC_004037.2	15779	A	AC	0	0	1	0	0	0
1078	NC_004037.2	15787	A	T	0	0	0	0	1	0
1079	NC_004037.2	15796	C	CA	0	0	0	1	0	0
1080	NC_004037.2	15805	G	C	0	0	0	0	1	0
1081	NC_004037.2	15815	C	CA	0	0	1	0	0	0
1082	NC_004037.2	15827	G	C	0	0	0	0	1	0
1083	NC_004037.2	15839	G	GC	0	0	1	0	0	0
1084	NC_004037.2	15906	A	AT	0	0	1	0	0	0
1085	NC_004037.2	15917	C	CG	0	0	0	1	0	0
1086	NC_004037.2	15952	G	C	0	0	0	0	1	0
1087	NC_004037.2	15962	T	TA	0	0	0	1	0	0
1088	NC_004037.2	15996	T	G	0	0	0	0	1	0
1089	NC_004037.2	16002	A	AC	0	0	0	1	0	0
1090	NC_004037.2	16006	T	G	0	0	0	0	0	1
1091	NC_004037.2	16019	G	GT	0	0	1	0	0	0
1092	NC_004037.2	16025	A	AG	0	0	0	1	0	0
1093	NC_004037.2	16026	G	GA	0	0	0	1	0	0
1094	NC_004037.2	16029	G	C	0	0	0	0	0	1
1095	NC_004037.2	16042	T	G	0	0	0	0	0	1
1096	NC_004037.2	16076	A	T	1	0	0	0	0	0
1097	NC_004037.2	16084	G	C	0	0	0	1	0	0
1098	NC_004037.2	16109	A	AC	0	0	0	1	0	0
1099	NC_004037.2	16111	A	AG	0	0	1	0	0	0
1100	NC_004037.2	16129	A	AA	1	0	0	0	0	0
1101	NC_004037.2	16195	G	GC	0	0	1	0	0	0
1102	NC_004037.2	16215	A	T	0	0	0	0	1	0
1103	NC_004037.2	16216	A	AG	0	0	1	0	0	0
1104	NC_004037.2	16218	A	T	0	0	0	0	1	0
1105	NC_004037.2	16228	A	AC	0	0	1	0	0	0
1106	NC_004037.2	16234	C	A	0	0	0	0	0	1
1107	NC_004037.2	16241	T	TG	0	0	0	1	0	0
1108	NC_004037.2	16248	C	CT	0	0	1	0	0	0
1109	NC_004037.2	16276	A	T	0	0	0	0	0	1
1110	NC_004037.2	16403	T	TT,TA	0	0	0	0	1	2
1111	NC_004037.2	16404	C	CC	0	0	1	0	0	0
1112	NC_004037.2	16418	A	AC	1	0	0	0	0	0
1113	NC_004037.2	16421	T	TC	0	0	1	0	0	0
1114	NC_004037.2	16431	A	AA	0	0	0	1	0	0
1115	NC_004037.2	16438	T	TG	0	0	0	1	0	0
1116	NC_004037.2	16446	G	GT	0	0	1	0	0	0
1117	NC_004037.2	16451	A	AA	0	0	1	0	0	0
1118	NC_004037.2	16455	A	T	0	0	0	0	0	1
1119	NC_004037.2	16464	G	GT	0	0	1	0	0	0
1120	NC_004037.2	16499	A	AT	0	0	1	0	0	0
1121	NC_004037.2	16500	G	C	0	0	0	0	1	0
1122	NC_004037.2	16542	T	TT	0	0	1	0	0	0
1123	NC_004037.2	16557	T	TA	0	0	1	0	0	0
1124	NC_004037.2	16560	A	AC	0	0	0	1	0	0
1125	NC_004037.2	16567	T	G	0	0	0	0	1	0
1126	NC_004037.2	16571	A	T	0	0	0	0	1	0
1127	NC_004037.2	16589	A	T	0	0	0	0	1	0
1128	NC_004037.2	16597	C	A,CT	0	0	0	2	1	0
1129	NC_004037.2	16602	C	A	0	0	0	0	1	0
1130	NC_004037.2	16605	C	CT	0	0	0	1	0	0
1131	NC_004037.2	16640	G	C	0	0	0	0	1	0
1132	NC_004037.2	16661	G	C	0	0	0	0	1	0
1133	NC_004037.2	16666	C	A	0	0	0	0	1	0
1134	NC_004037.2	16672	G	GG	0	0	0	1	0	0
1135	NC_004037.2	16673	G	C	0	0	0	0	0	1
1136	NC_004037.2	16711	G	C	0	0	0	0	0	1
1137	NC_004037.2	16714	A	T	0	0	0	0	0	1
1138	NC_004037.2	16737	A	AC	0	0	0	1	0	0
1139	NC_004037.2	16744	A	T	0	0	0	0	1	0
1140	NC_004037.2	16772	T	G	0	0	0	0	0	1
1141	NC_004037.2	16780	A	T	0	0	0	0	0	1
1142	NC_004037.2	16793	T	G	0	0	0	0	0	1
1143	NC_004037.2	16809	C	A	0	0	0	0	1	0
1144	NC_004037.2	16825	G	C	0	0	0	0	1	0
1145	NC_004037.2	16856	C	A	0	0	0	0	1	0
1146	NC_004037.2	16874	T	G	0	0	0	0	0	1
1147	NC_004037.2	16889	T	G	0	0	0	0	0	1
1148	NC_004037.2	16918	G	GG	1	0	0	0	0	0
1149	NC_004037.2	16933	G	C	0	0	0	0	0	1
1150	NC_004037.2	17019	C	CA,A	0	0	0	0	1	2
1151	NC_004037.2	17031	C	A	0	0	0	0	0	1
1152	NC_004037.2	17047	A	T	0	0	0	0	0	1
1153	NC_004037.2	17050	A	AG	0	0	0	1	0	0
1154	NC_004037.2	17079	A	T	0	0	0	0	1	0
1155	NC_004037.2	17102	T	G	0	0	0	0	1	0
1156	NC_004037.2	17119	A	AA	0	0	1	0	0	0
1157	NC_004037.2	17134	C	A	0	0	0	0	1	0
1158	NC_004037.2	17161	C	A	0	0	0	0	1	0
1159	NC_004037.2	17174	T	TG	0	0	0	1	0	0
1160	NC_004037.2	17185	T	G	0	0	0	0	1	0
1161	NC_004037.2	17190	T	G	0	0	0	0	0	1
1162	NC_004037.2	17195	T	TT	0	0	1	0	0	0
1163	NC_004037.2	17197	T	G	0	0	0	0	0	1
1164	NC_004037.2	17209	C	A	0	0	0	0	0	1
1165	NC_004037.2	17224	T	G	0	0	0	0	1	0
1166	NC_004037.2	17230	T	G	0	0	0	0	0	1
1167	NC_004037.2	17250	C	A	0	0	0	0	0	1
1168	NC_004037.2	17257	T	TG	0	0	0	1	0	0
1169	NC_004037.2	17281	G	C	0	0	0	0	0	1
1170	NC_004037.2	17284	T	G	1	1	0	0	0	0
1171	NC_004037.2	17290	T	G	0	0	0	0	1	0
1172	NC_004037.2	17301	C	CG	0	0	1	0	0	0
1173	NC_004037.2	17305	T	G	0	0	0	0	0	1
1174	NC_004037.2	17307	C	A	0	0	0	0	0	1
1175	NC_004037.2	17335	G	GG	0	0	1	0	0	0
1176	NC_004037.2	17336	A	T	0	0	0	0	0	1
1177	NC_004037.2	17340	G	GA	0	0	1	0	0	0
1178	NC_004037.2	17344	A	T	0	0	0	0	1	0
1179	NC_004037.2	17356	G	GT	0	0	0	1	0	0
1180	NC_004037.2	17363	A	AC	0	0	0	1	0	0
1181	NC_004037.2	17369	A	T	0	0	0	0	1	0
1182	NC_004037.2	17441	T	G	0	0	0	0	0	1
1183	NC_004037.2	17448	T	TT	0	0	0	1	0	0
1184	NC_004037.2	17471	G	GA	0	0	1	0	0	0
1185	NC_004037.2	17496	A	AC	0	0	0	1	0	0
1186	NC_004037.2	17497	C	A	0	0	0	0	0	1
1187	NC_004037.2	17500	G	GC	0	0	1	0	0	0
1188	NC_004037.2	17509	A	T	0	0	1	1	0	0
1189	NC_004037.2	17518	A	T	0	0	0	0	0	1
1190	NC_004037.2	17575	A	AG	0	0	1	0	0	0
1191	NC_004037.2	17580	A	AG	0	0	1	0	0	0
1192	NC_004037.2	17616	G	C	0	0	0	0	0	1
1193	NC_004037.2	17629	T	G	0	0	0	0	0	1
1194	NC_004037.2	17646	T	G	0	0	0	0	0	1
1195	NC_004037.2	17667	A	AT	0	0	1	0	0	0
1196	NC_004037.2	17695	G	GG	0	0	1	0	0	0
1197	NC_004037.2	17697	G	C	0	0	0	0	0	1
1198	NC_004037.2	17707	T	TC	0	0	1	0	0	0
1199	NC_004037.2	17743	A	AG	0	0	1	0	0	0
1200	NC_004037.2	17763	G	C	0	0	0	1	0	1
1201	NC_004037.2	17770	T	G	0	0	0	0	1	0
1202	NC_004037.2	17774	A	T	1	0	0	0	0	0
1203	NC_004037.2	17786	T	TT	0	0	1	0	0	0
1204	NC_004037.2	17792	C	CT	0	0	1	0	0	0
1205	NC_004037.2	17811	A	T	0	0	0	0	1	0
1206	NC_004037.2	17835	A	T	0	0	0	0	1	0
1207	NC_004037.2	17837	A	T	0	0	0	1	0	0
1208	NC_004037.2	17860	T	G	0	0	0	0	0	1
1209	NC_004037.2	17872	T	G	0	0	0	0	0	1
1210	NC_004037.2	17873	T	TT	0	0	1	0	0	0
1211	NC_004037.2	17899	T	TG	0	0	1	0	0	0
1212	NC_004037.2	17903	G	C	0	0	0	0	1	0
1213	NC_004037.2	17910	C	A	0	0	0	0	1	0
1214	NC_004037.2	17919	G	C	0	0	0	0	1	0
1215	NC_004037.2	17927	A	AC	0	0	1	0	0	0
1216	NC_004037.2	17951	T	TT	0	0	1	0	0	0
1217	NC_004037.2	17959	G	C	0	0	0	0	1	0
1218	NC_004037.2	17976	T	TC	0	0	1	0	0	0
1219	NC_004037.2	17986	C	A	0	0	0	0	1	0
1220	NC_004037.2	17993	A	T	0	0	0	0	0	1
1221	NC_004037.2	18011	G	C	0	0	0	0	0	1
1222	NC_004037.2	18020	T	G	0	0	0	0	0	1
1223	NC_004037.2	18046	T	TA	0	0	1	0	0	0
1224	NC_004037.2	18071	A	T	0	0	0	1	0	0
1225	NC_004037.2	18081	A	AA	0	0	1	0	0	0
1226	NC_004037.2	18085	T	G	1	0	0	0	0	0
1227	NC_004037.2	18095	A	AT	0	0	0	1	0	0
1228	NC_004037.2	18107	C	CC	0	0	0	1	0	0
1229	NC_004037.2	18129	A	T	0	0	0	0	1	0
1230	NC_004037.2	18133	G	C	0	0	0	0	1	0
1231	NC_004037.2	18153	T	TG	0	0	0	1	0	0
1232	NC_004037.2	18162	A	AC	0	0	0	1	0	0
1233	NC_004037.2	18205	A	AA	0	0	1	0	0	0
1234	NC_004037.2	18230	C	CT	0	0	0	1	0	0
1235	NC_004037.2	18235	A	T	0	0	0	0	1	0
1236	NC_004037.2	18278	A	AA	0	0	0	0	0	1
1237	NC_004037.2	18288	A	AA	0	0	0	1	0	0
1238	NC_004037.2	18306	G	GA	0	0	1	0	0	0
1239	NC_004037.2	18316	C	CA	0	0	0	1	0	0
1240	NC_004037.2	18357	A	AA	0	0	0	1	0	0
1241	NC_004037.2	18372	A	AC	0	0	0	1	0	0
1242	NC_004037.2	18395	T	TT	0	0	0	1	0	0
1243	NC_004037.2	18398	T	TT	0	0	0	1	0	0
1244	NC_004037.2	18413	G	GT	0	0	0	1	0	0
1245	NC_004037.2	18419	A	T	0	0	0	0	1	0
1246	NC_004037.2	18423	T	G	0	0	0	0	1	0
1247	NC_004037.2	18437	A	T	0	0	0	0	0	1
1248	NC_004037.2	18438	C	CT	0	0	0	1	0	0
1249	NC_004037.2	18450	A	T	0	0	0	0	1	0
1250	NC_004037.2	18458	T	TA	0	0	1	0	0	0
1251	NC_004037.2	18469	C	A	0	0	0	0	0	1
1252	NC_004037.2	18486	T	G	0	0	0	0	0	1
1253	NC_004037.2	18490	T	TA	0	0	1	0	0	0
1254	NC_004037.2	18500	G	C	0	0	0	0	0	1
1255	NC_004037.2	18508	G	GG	0	0	1	0	0	0
1256	NC_004037.2	18512	A	T	0	0	0	0	0	1
1257	NC_004037.2	18515	C	A	0	0	0	0	0	1
1258	NC_004037.2	18523	C	A	0	0	0	0	1	0
1259	NC_004037.2	18551	A	AC	0	0	1	0	0	0
1260	NC_004037.2	18558	C	CA	0	0	1	0	0	0
1261	NC_004037.2	18566	A	T	0	0	0	0	1	0
1262	NC_004037.2	18575	A	T	0	0	0	0	0	1
1263	NC_004037.2	18580	G	GG	0	0	1	0	0	0
1264	NC_004037.2	18595	C	CT	0	0	1	0	0	0
1265	NC_004037.2	18600	C	A	0	0	0	0	0	1
1266	NC_004037.2	18605	C	A	0	0	0	1	0	0
1267	NC_004037.2	18613	G	GG	0	0	0	1	0	0
1268	NC_004037.2	18619	G	GG	0	0	1	0	0	0
1269	NC_004037.2	18631	C	A	0	0	1	1	0	0
1270	NC_004037.2	18635	T	G	0	0	0	0	0	1
1271	NC_004037.2	18648	C	A	0	0	0	0	0	1
1272	NC_004037.2	18656	A	AG	0	0	0	1	0	0
1273	NC_004037.2	18657	C	A	0	0	0	0	0	1
1274	NC_004037.2	18677	C	CA	0	0	0	1	0	0
1275	NC_004037.2	18688	G	C	0	0	0	0	1	0
1276	NC_004037.2	18697	C	A	0	0	0	0	1	0
1277	NC_004037.2	18705	G	GG	0	0	0	0	0	1
1278	NC_004037.2	18707	T	TA	0	0	1	0	0	0
1279	NC_004037.2	18709	G	C	0	0	0	0	1	0
1280	NC_004037.2	18724	C	CG	0	0	0	1	0	0
1281	NC_004037.2	18734	T	G	0	0	0	1	0	0
1282	NC_004037.2	18743	G	C	0	0	0	0	1	0
1283	NC_004037.2	18763	T	TG	0	0	0	1	0	0
1284	NC_004037.2	18776	C	CA	0	0	0	1	0	0
1285	NC_004037.2	18802	A	AC	0	0	0	1	0	0
1286	NC_004037.2	18805	C	A	0	0	0	0	0	1
1287	NC_004037.2	18836	T	TG	0	0	0	1	0	0
1288	NC_004037.2	18838	G	GA	0	0	0	1	0	0
1289	NC_004037.2	18873	A	T	0	0	0	0	0	1
1290	NC_004037.2	18902	A	AC	0	0	0	0	1	0
1291	NC_004037.2	18931	T	G	0	0	0	0	0	1
1292	NC_004037.2	18954	C	A	0	0	0	0	1	0
1293	NC_004037.2	18962	T	TC	0	0	1	1	0	0
1294	NC_004037.2	18964	C	A	0	0	0	0	0	1
1295	NC_004037.2	18982	T	TC	0	0	0	1	0	0
1296	NC_004037.2	19023	A	AC	0	0	0	1	0	0
1297	NC_004037.2	19039	C	A	0	0	0	0	0	1
1298	NC_004037.2	19048	T	TG	0	0	0	1	0	0
1299	NC_004037.2	19059	T	TC	0	0	1	0	0	0
1300	NC_004037.2	19069	T	TC	0	0	0	1	0	0
1301	NC_004037.2	19072	A	AA	0	0	1	0	0	0
1302	NC_004037.2	19093	T	TT	0	0	0	1	0	0
1303	NC_004037.2	19111	A	AG	0	0	0	1	0	0
1304	NC_004037.2	19131	T	G	0	0	0	0	0	1
1305	NC_004037.2	19154	A	T	0	0	0	0	1	0
1306	NC_004037.2	19179	G	C	0	0	0	0	0	1
1307	NC_004037.2	19194	T	G	0	0	0	0	0	1
1308	NC_004037.2	19199	C	A	0	0	0	0	0	1
1309	NC_004037.2	19279	A	AC	0	0	1	0	0	0
1310	NC_004037.2	19296	G	GT	0	0	1	0	0	0
1311	NC_004037.2	19318	C	A	0	0	0	0	0	1
1312	NC_004037.2	19332	T	TT	0	0	1	0	0	0
1313	NC_004037.2	19340	C	A	0	0	0	0	1	0
1314	NC_004037.2	19358	C	CC	0	0	1	0	0	0
1315	NC_004037.2	19361	C	A	0	0	0	0	1	0
1316	NC_004037.2	19370	T	TA	0	0	1	0	0	0
1317	NC_004037.2	19387	T	G	0	0	0	0	1	0
1318	NC_004037.2	19392	C	A	0	0	0	0	1	0
1319	NC_004037.2	19395	T	TC	0	0	1	0	0	0
1320	NC_004037.2	19408	A	T	0	0	0	0	1	0
1321	NC_004037.2	19440	C	A	0	0	0	0	0	1
1322	NC_004037.2	19444	A	T	0	0	0	0	0	1
1323	NC_004037.2	19451	C	CG	0	0	0	1	0	0
1324	NC_004037.2	19455	C	A	0	0	0	0	0	1
1325	NC_004037.2	19456	A	AG	0	0	1	0	0	0
1326	NC_004037.2	19473	G	C	0	1	0	0	0	0
1327	NC_004037.2	19482	A	T	0	0	0	0	1	0
1328	NC_004037.2	19499	T	TG	0	0	1	0	0	0
1329	NC_004037.2	19500	A	AC	0	0	0	1	0	0
1330	NC_004037.2	19503	T	G	0	0	0	0	0	1
1331	NC_004037.2	19507	T	G	0	0	0	0	1	0
1332	NC_004037.2	19509	G	C	0	0	0	0	1	0
1333	NC_004037.2	19521	A	AG	0	0	0	1	0	0
1334	NC_004037.2	19531	A	T	0	0	0	0	0	1
1335	NC_004037.2	19539	A	T	0	1	0	0	0	1
1336	NC_004037.2	19540	A	AT	0	0	1	0	0	0
1337	NC_004037.2	19573	C	A	0	0	0	0	0	1
1338	NC_004037.2	19581	T	TC	0	0	1	0	0	0
1339	NC_004037.2	19590	A	AG	0	0	1	0	0	0
1340	NC_004037.2	19594	C	CG	0	0	1	0	0	0
1341	NC_004037.2	19596	A	T	0	0	0	0	1	0
1342	NC_004037.2	19609	A	AG	0	0	1	0	0	0
1343	NC_004037.2	19633	A	AC	0	0	0	1	0	0
1344	NC_004037.2	19645	A	AA	0	0	0	1	0	0
1345	NC_004037.2	19659	C	A	0	0	0	0	0	1
1346	NC_004037.2	19666	A	AA	0	0	0	1	0	0
1347	NC_004037.2	19705	C	CA	1	0	0	0	0	0
1348	NC_004037.2	19738	G	GT	0	0	1	0	0	0
1349	NC_004037.2	19744	A	T	0	0	0	0	0	1
1350	NC_004037.2	19745	A	AT	0	0	0	1	0	0
1351	NC_004037.2	19758	A	T	0	0	0	0	0	1
1352	NC_004037.2	19770	A	T	0	0	0	0	0	1
1353	NC_004037.2	19785	A	T	0	0	1	0	0	0
1354	NC_004037.2	19795	C	CC	0	0	0	1	0	0
1355	NC_004037.2	19804	A	AC	0	0	0	1	0	0
1356	NC_004037.2	19812	T	TC	0	0	0	1	0	0
1357	NC_004037.2	19835	C	CC	0	0	0	1	0	0
1358	NC_004037.2	19865	A	T	0	0	0	0	0	1
1359	NC_004037.2	19903	C	CT	0	0	0	0	1	0
1360	NC_004037.2	19915	C	A	0	0	0	0	0	1
1361	NC_004037.2	19924	T	G	0	0	0	0	0	1
1362	NC_004037.2	19942	A	AT	0	0	1	0	0	0
1363	NC_004037.2	19972	T	TA	0	0	1	0	0	0
1364	NC_004037.2	19973	T	G	0	0	0	0	1	0
1365	NC_004037.2	20002	A	T	0	0	0	0	1	0
1366	NC_004037.2	20010	G	GG	0	0	1	0	0	0
1367	NC_004037.2	20022	T	G	0	0	0	0	0	1
1368	NC_004037.2	20048	C	CG,CT	0	0	1	2	0	0
1369	NC_004037.2	20075	T	TT	0	0	0	0	1	0
1370	NC_004037.2	20076	A	T	0	0	0	0	0	1
1371	NC_004037.2	20128	T	TT	0	0	0	1	0	0
1372	NC_004037.2	20135	A	AC,AT	0	0	1	2	0	0
1373	NC_004037.2	20136	A	T	0	0	0	0	0	1
1374	NC_004037.2	20156	T	G	0	0	0	0	0	1
1375	NC_004037.2	20176	T	TA	0	0	1	0	0	0
1376	NC_004037.2	20193	G	GC	0	0	1	0	0	0
1377	NC_004037.2	20196	A	AT	0	0	1	0	0	0
1378	NC_004037.2	20222	A	AA	0	0	1	0	0	0
1379	NC_004037.2	20236	T	G	0	0	0	0	0	1
1380	NC_004037.2	20252	T	G	0	0	0	0	1	0
1381	NC_004037.2	20278	T	G	0	0	0	0	0	1
1382	NC_004037.2	20290	C	CC	0	0	0	1	0	0
1383	NC_004037.2	20304	T	TA	1	0	0	0	0	0
1384	NC_004037.2	20325	T	G	0	0	0	0	1	0
1385	NC_004037.2	20330	A	AG	0	0	0	1	0	0
1386	NC_004037.2	20336	T	G	0	0	0	0	1	0
1387	NC_004037.2	20337	C	CG	0	0	1	0	0	0
1388	NC_004037.2	20353	A	AA	0	0	0	1	0	0
1389	NC_004037.2	20360	A	AA	0	0	1	0	0	0
1390	NC_004037.2	20366	T	TT	0	0	1	0	0	0
1391	NC_004037.2	20372	C	CA	0	0	1	0	0	0
1392	NC_004037.2	20394	T	TG	0	0	1	0	0	0
1393	NC_004037.2	20396	C	A	0	0	0	1	0	0
1394	NC_004037.2	20400	A	T	0	0	0	0	1	0
1395	NC_004037.2	20401	A	AA	0	0	1	0	0	0
1396	NC_004037.2	20407	C	CG	0	0	0	1	0	0
1397	NC_004037.2	20420	C	CA	0	0	0	1	0	0
1398	NC_004037.2	20423	T	G	0	0	0	0	1	0
1399	NC_004037.2	20431	A	T	0	0	0	0	0	1
1400	NC_004037.2	20433	T	G	0	0	0	0	0	1
1401	NC_004037.2	20456	C	CC	0	0	0	1	0	0
1402	NC_004037.2	20471	A	AG	0	0	0	1	0	0
1403	NC_004037.2	20486	T	TT	0	0	0	1	0	0
1404	NC_004037.2	20498	A	AA	0	0	1	0	0	0
1405	NC_004037.2	20517	A	T	0	0	0	0	0	1
1406	NC_004037.2	20539	T	G	0	0	0	0	1	0
1407	NC_004037.2	20560	C	A	0	0	0	0	0	1
1408	NC_004037.2	20573	G	GT	0	0	1	0	0	0
1409	NC_004037.2	20579	T	TC	0	0	1	0	0	0
1410	NC_004037.2	20589	A	AA	0	0	0	0	0	1
1411	NC_004037.2	20599	A	AA	0	0	1	0	0	0
1412	NC_004037.2	20604	T	G	0	0	1	0	0	0
1413	NC_004037.2	20612	A	AA	0	0	1	0	0	0
1414	NC_004037.2	20613	G	C	0	0	0	0	0	1
1415	NC_004037.2	20631	A	AA	0	0	1	0	0	0
1416	NC_004037.2	20636	A	T	0	0	0	0	1	0
1417	NC_004037.2	20643	A	T	0	0	0	0	1	0
1418	NC_004037.2	20648	T	G	0	0	0	0	1	0
1419	NC_004037.2	20666	C	A	0	0	0	0	1	0
1420	NC_004037.2	20678	T	TT	0	0	0	1	0	0
1421	NC_004037.2	20715	A	T	0	0	1	0	0	0
1422	NC_004037.2	20723	T	TG	0	0	1	0	0	0
1423	NC_004037.2	20727	C	A	0	0	0	0	1	0
1424	NC_004037.2	20739	A	T	0	0	0	0	1	0
1425	NC_004037.2	20756	A	T	0	0	0	0	1	0
1426	NC_004037.2	20794	G	GT	0	0	0	1	0	0
1427	NC_004037.2	20801	T	TA	0	0	1	0	0	0
1428	NC_004037.2	20809	A	T	0	0	0	0	0	1
1429	NC_004037.2	20838	A	AG	0	0	1	0	0	0
1430	NC_004037.2	20841	A	AC	0	0	0	0	1	0
1431	NC_004037.2	20850	A	AT	0	0	1	0	0	0
1432	NC_004037.2	20888	A	T	0	1	0	0	0	0
1433	NC_004037.2	20909	C	A	0	0	0	0	1	0
1434	NC_004037.2	20939	G	GT	0	0	1	0	0	0
1435	NC_004037.2	20949	A	AT	0	0	1	0	0	0
1436	NC_004037.2	20953	T	G	0	0	0	0	1	0
1437	NC_004037.2	20958	T	G	0	0	0	0	0	1
1438	NC_004037.2	20962	G	C	0	0	0	0	0	1
1439	NC_004037.2	20966	A	T	0	0	0	0	0	1
1440	NC_004037.2	20970	A	AA	0	0	1	0	0	0
1441	NC_004037.2	20971	G	GC	0	0	1	0	0	0
1442	NC_004037.2	20998	A	T	0	0	0	0	0	1
1443	NC_004037.2	21000	A	AG	0	0	0	1	0	0
1444	NC_004037.2	21004	A	AA	0	0	1	0	0	0
1445	NC_004037.2	21015	G	C	0	0	0	0	1	0
1446	NC_004037.2	21034	A	AT	0	0	1	0	0	0
1447	NC_004037.2	21052	G	C,GA	0	0	2	0	1	0
1448	NC_004037.2	21096	T	TG	0	0	1	0	0	0
1449	NC_004037.2	21178	T	TA	0	0	0	1	0	0
1450	NC_004037.2	21182	C	CT	0	0	0	1	0	0
1451	NC_004037.2	21237	A	AC	0	0	0	1	0	0
1452	NC_004037.2	21299	G	C	0	0	0	1	0	0
1453	NC_004037.2	21303	G	GG	0	0	1	0	0	0
1454	NC_004037.2	21306	T	TT	0	0	1	0	0	0
1455	NC_004037.2	21321	T	TG	0	0	0	1	0	0
1456	NC_004037.2	21332	G	C	0	0	0	0	0	1
1457	NC_004037.2	21342	A	T	0	0	0	0	0	1
1458	NC_004037.2	21397	A	T	0	0	0	0	0	1
1459	NC_004037.2	21444	C	CT	0	0	0	1	0	0
1460	NC_004037.2	21451	C	CC	0	0	1	0	0	0
1461	NC_004037.2	21469	A	T	0	0	0	0	0	1
1462	NC_004037.2	21472	A	T	0	0	0	0	1	0
1463	NC_004037.2	21480	C	A	0	0	0	0	1	0
1464	NC_004037.2	21487	A	T	0	0	0	0	1	0
1465	NC_004037.2	21498	A	T,AT	0	0	0	2	0	1
1466	NC_004037.2	21504	A	AG	0	0	1	0	0	0
1467	NC_004037.2	21522	T	TA	0	0	1	0	0	0
1468	NC_004037.2	21542	T	G	0	0	0	0	1	0
1469	NC_004037.2	21550	A	T	0	0	0	0	1	0
1470	NC_004037.2	21581	A	AA	0	0	1	0	0	0
1471	NC_004037.2	21586	C	A	0	0	0	0	1	0
1472	NC_004037.2	21589	A	T	0	0	0	0	0	1
1473	NC_004037.2	21599	G	C	0	0	0	0	0	1
1474	NC_004037.2	21643	T	G	0	0	0	0	0	1
1475	NC_004037.2	21679	C	A	0	0	0	0	1	0
1476	NC_004037.2	21695	A	AA	0	0	1	0	0	0
1477	NC_004037.2	21809	C	A	0	0	0	0	0	1
1478	NC_004037.2	21850	A	T	0	0	0	0	0	1
1479	NC_004037.2	21869	C	A	0	0	0	0	0	1
1480	NC_004037.2	21883	T	G	0	0	0	0	0	1
1481	NC_004037.2	21901	G	C,GC	0	2	0	0	0	1
1482	NC_004037.2	21904	C	A	0	0	0	0	0	1
1483	NC_004037.2	21920	G	GG	0	0	1	0	0	0
1484	NC_004037.2	21951	T	TA	0	0	0	1	0	0
1485	NC_004037.2	21955	G	C	0	0	0	0	0	1
1486	NC_004037.2	21959	G	GA	0	0	0	1	0	0
1487	NC_004037.2	21973	C	A	0	0	0	0	1	1
1488	NC_004037.2	21983	G	GT	0	0	1	0	0	0
1489	NC_004037.2	21986	T	G	0	0	0	0	1	0
1490	NC_004037.2	22014	G	C	0	0	0	0	1	0
1491	NC_004037.2	22045	A	AC	0	0	1	0	0	0
1492	NC_004037.2	22057	T	TG	0	0	1	0	0	0
1493	NC_004037.2	22246	A	T	0	0	1	1	0	0
1494	NC_004037.2	22247	T	TT	0	0	1	0	0	0
1495	NC_004037.2	22255	T	TG	0	0	1	0	0	0
1496	NC_004037.2	22275	A	T	0	0	0	0	1	0
1497	NC_004037.2	22284	G	GT	0	0	1	0	0	0
1498	NC_004037.2	22300	T	TT	1	0	0	0	0	0
1499	NC_004037.2	22311	T	TC	0	0	0	1	0	0
1500	NC_004037.2	22326	G	C	0	0	0	0	0	1
1501	NC_004037.2	22333	T	TT	0	0	1	0	0	0
1502	NC_004037.2	22338	C	CA	0	0	0	1	0	0
1503	NC_004037.2	22341	T	G	0	0	0	0	0	1
1504	NC_004037.2	22343	T	TA	0	0	0	1	0	0
1505	NC_004037.2	22351	C	CT	0	0	0	0	0	1
1506	NC_004037.2	22360	G	GC	0	0	0	1	0	0
1507	NC_004037.2	22375	G	C	0	0	1	0	0	0
1508	NC_004037.2	22422	A	T	0	0	0	0	0	1
1509	NC_004037.2	22423	C	CA	0	0	0	1	0	0
1510	NC_004037.2	22453	G	GC	0	0	1	0	0	0
1511	NC_004037.2	22467	G	C	0	0	0	0	1	0
1512	NC_004037.2	22482	T	G	0	0	0	0	1	0
1513	NC_004037.2	22499	A	T	0	0	0	0	1	0
1514	NC_004037.2	22506	G	C	0	0	0	0	1	0
1515	NC_004037.2	22507	T	G	0	0	0	0	1	0
1516	NC_004037.2	22511	C	A	0	0	0	0	0	1
1517	NC_004037.2	22527	G	C	0	0	0	0	0	1
1518	NC_004037.2	22559	A	AT	0	0	1	0	0	0
1519	NC_004037.2	22577	T	TA	0	0	1	0	0	0
1520	NC_004037.2	22580	A	T	0	0	0	0	0	1
1521	NC_004037.2	22585	T	G	0	0	0	0	0	1
1522	NC_004037.2	22590	C	A	0	0	0	0	0	1
1523	NC_004037.2	22605	C	A	0	0	0	0	0	1
1524	NC_004037.2	22616	T	TC	0	0	1	0	0	0
1525	NC_004037.2	22627	G	GT	0	0	1	0	0	0
1526	NC_004037.2	22683	A	T	0	0	0	0	0	1
1527	NC_004037.2	22691	A	AG	0	0	1	0	0	0
1528	NC_004037.2	22705	T	TT	0	0	1	0	0	0
1529	NC_004037.2	22719	T	TA	0	0	0	1	0	0
1530	NC_004037.2	22736	G	GC	0	0	0	1	0	0
1531	NC_004037.2	22738	A	T	0	0	0	0	1	0
1532	NC_004037.2	22740	C	CA	0	0	0	1	0	0
1533	NC_004037.2	22818	A	AA	0	0	0	0	1	0
1534	NC_004037.2	22832	T	G	0	0	0	0	1	0
1535	NC_004037.2	22839	A	T	0	0	0	0	1	0
1536	NC_004037.2	22937	T	TC	0	0	0	1	0	0
1537	NC_004037.2	22955	A	T	0	0	0	0	1	0
1538	NC_004037.2	22956	A	AT	0	0	0	1	0	0
1539	NC_004037.2	22972	C	A	0	0	0	0	1	0
1540	NC_004037.2	22976	A	AC	0	0	1	0	0	0
1541	NC_004037.2	22992	G	C	0	0	0	0	1	0
1542	NC_004037.2	23009	A	T	0	0	0	0	1	0
1543	NC_004037.2	23039	C	A	0	0	0	0	1	0
1544	NC_004037.2	23046	A	AG	0	0	0	1	0	0
1545	NC_004037.2	23055	T	TA	0	0	0	0	0	1
1546	NC_004037.2	23074	G	GG	0	0	0	1	0	0
1547	NC_004037.2	23081	G	C	0	0	0	0	0	1
1548	NC_004037.2	23089	T	TT	0	0	0	1	0	0
1549	NC_004037.2	23101	A	AC	0	0	1	0	0	0
1550	NC_004037.2	23119	C	A	0	0	0	0	1	0
1551	NC_004037.2	23124	C	A	0	0	0	0	1	0
1552	NC_004037.2	23145	T	G	0	0	0	0	1	0
1553	NC_004037.2	23162	T	TC	0	0	0	1	0	0
1554	NC_004037.2	23167	G	C	0	0	0	0	0	1
1555	NC_004037.2	23186	G	C	0	0	0	0	1	0
1556	NC_004037.2	23202	C	CT	0	0	1	0	0	0
1557	NC_004037.2	23203	T	G	0	0	0	0	0	1
1558	NC_004037.2	23225	A	AG	0	0	1	0	0	0
1559	NC_004037.2	23259	A	T	0	0	0	0	0	1
1560	NC_004037.2	23270	T	G	0	0	0	0	0	1
1561	NC_004037.2	23275	C	A	0	0	0	0	0	1
1562	NC_004037.2	23280	A	T	0	0	0	0	0	1
1563	NC_004037.2	23296	T	G	0	0	0	0	1	0
1564	NC_004037.2	23304	A	T	0	0	0	0	1	0
1565	NC_004037.2	23309	C	CT	0	0	1	0	0	0
1566	NC_004037.2	23318	T	G	0	0	0	0	1	0
1567	NC_004037.2	23340	C	A	0	0	0	0	1	0
1568	NC_004037.2	23363	A	T	0	0	1	1	0	0
1569	NC_004037.2	23393	G	C	0	0	0	0	1	0
1570	NC_004037.2	23395	A	AA	0	0	1	0	0	0
1571	NC_004037.2	23406	A	AA	0	0	0	1	0	0
1572	NC_004037.2	23419	T	TC	0	0	0	1	0	0
1573	NC_004037.2	23436	T	TG	0	0	1	0	0	0
1574	NC_004037.2	23441	T	TC	0	0	0	1	0	0
1575	NC_004037.2	23450	T	TT	0	0	1	0	0	0
1576	NC_004037.2	23461	C	A	1	0	0	0	0	0
1577	NC_004037.2	23463	T	TA	0	0	0	1	0	0
1578	NC_004037.2	23476	A	AT	0	0	0	1	0	0
1579	NC_004037.2	23491	A	AT	0	0	0	1	0	0
1580	NC_004037.2	23497	G	GA	0	0	0	0	1	1
1581	NC_004037.2	23509	T	TA,TT	0	0	1	2	0	0
1582	NC_004037.2	23513	A	T	0	0	0	0	0	1
1583	NC_004037.2	23527	T	G	0	0	0	0	0	1
1584	NC_004037.2	23556	A	T	0	0	0	0	1	0
1585	NC_004037.2	23577	A	T	0	0	0	0	1	0
1586	NC_004037.2	23609	A	T	0	0	0	0	0	1
1587	NC_004037.2	23618	G	C	0	0	0	0	0	1
1588	NC_004037.2	23625	A	AC	0	0	0	0	1	0
1589	NC_004037.2	23643	G	C	0	0	0	0	1	0
1590	NC_004037.2	23663	A	AA	0	0	0	1	0	0
1591	NC_004037.2	23674	T	TG	0	0	1	0	0	0
1592	NC_004037.2	23679	C	A	0	0	0	0	0	1
1593	NC_004037.2	23689	C	A	0	0	0	1	0	0
1594	NC_004037.2	23694	A	T	0	0	0	0	0	1
1595	NC_004037.2	23717	A	T	0	0	0	0	0	1
1596	NC_004037.2	23721	G	GG	0	0	1	0	0	0
1597	NC_004037.2	23725	T	G	0	0	0	0	0	1
1598	NC_004037.2	23743	T	G	0	0	0	0	0	1
1599	NC_004037.2	23832	A	T	0	0	0	0	0	1
1600	NC_004037.2	23849	T	G	0	0	0	0	0	1
1601	NC_004037.2	23862	A	T	0	0	0	0	0	1
1602	NC_004037.2	23875	G	C	0	0	0	0	0	1
1603	NC_004037.2	23894	A	T	0	0	0	1	0	0
1604	NC_004037.2	23901	C	A	0	0	0	0	1	0
1605	NC_004037.2	23908	T	G	0	0	0	0	1	0
1606	NC_004037.2	23916	A	T	0	0	0	0	1	0
1607	NC_004037.2	23935	A	AC	0	0	0	1	0	0
1608	NC_004037.2	23956	T	G	0	0	0	0	0	1
1609	NC_004037.2	23982	A	AA	0	0	1	0	0	0
1610	NC_004037.2	23995	C	CT	0	0	1	0	0	0
1611	NC_004037.2	23996	A	T	0	0	0	0	0	1
1612	NC_004037.2	24015	T	TT	0	0	0	1	0	0
1613	NC_004037.2	24031	T	TA	0	0	1	0	0	0
1614	NC_004037.2	24047	C	CG	0	0	1	0	0	0
1615	NC_004037.2	24095	A	T	0	0	0	0	0	1
1616	NC_004037.2	24097	T	TT	0	0	1	0	0	0
1617	NC_004037.2	24108	T	TC	0	0	0	1	0	0
1618	NC_004037.2	24112	A	AA	0	0	0	1	0	0
1619	NC_004037.2	24115	T	G	0	0	0	0	1	0
1620	NC_004037.2	24131	C	A	0	0	0	0	1	0
1621	NC_004037.2	24143	T	TA	0	0	0	1	0	0
1622	NC_004037.2	24145	A	T	0	0	0	0	1	0
1623	NC_004037.2	24188	A	T	0	0	0	0	1	0
1624	NC_004037.2	24222	T	G	0	0	0	0	1	0
1625	NC_004037.2	24225	C	A	0	0	0	0	1	0
1626	NC_004037.2	24249	A	T	0	0	0	0	1	0
1627	NC_004037.2	24263	C	A	0	0	0	0	1	0
1628	NC_004037.2	24265	T	TC	0	0	0	1	0	0
1629	NC_004037.2	24270	T	TA	0	0	0	1	0	0
1630	NC_004037.2	24273	A	T	0	0	0	0	1	0
1631	NC_004037.2	24302	T	TC	0	0	0	1	0	0
1632	NC_004037.2	24307	G	GA	1	0	0	0	0	0
1633	NC_004037.2	24309	T	TG	0	0	0	1	0	0
1634	NC_004037.2	24312	A	AT	0	0	0	1	0	0
1635	NC_004037.2	24336	T	G	0	0	0	0	1	0
1636	NC_004037.2	24404	G	GA	0	0	0	1	0	0
1637	NC_004037.2	24432	T	TC	0	0	0	1	0	0
1638	NC_004037.2	24459	C	A	0	0	0	0	1	0
1639	NC_004037.2	24467	T	G	0	0	0	0	1	0
1640	NC_004037.2	24486	T	G	0	0	0	0	1	0
1641	NC_004037.2	24491	A	T	0	0	0	0	1	0
1642	NC_004037.2	24504	A	T	0	0	0	0	1	1
1643	NC_004037.2	24505	A	AC	0	0	0	1	0	0
1644	NC_004037.2	24523	T	G	0	1	0	0	0	0
1645	NC_004037.2	24578	A	AG	0	0	1	0	0	0
1646	NC_004037.2	24615	C	CT	0	0	0	1	0	0
1647	NC_004037.2	24628	G	GT	0	0	1	0	0	0
1648	NC_004037.2	24631	G	GC	0	0	1	0	0	0
1649	NC_004037.2	24643	G	GC,GT	0	0	1	2	0	0
1650	NC_004037.2	24650	A	AG	0	0	0	1	0	0
1651	NC_004037.2	24685	A	T	0	0	0	0	1	0
1652	NC_004037.2	24690	C	A	0	0	0	0	1	0
1653	NC_004037.2	24695	T	G	0	0	0	0	1	0
1654	NC_004037.2	24696	A	AC	1	0	0	0	0	0
1655	NC_004037.2	24705	A	T	0	0	0	0	1	0
1656	NC_004037.2	24725	T	G	0	0	0	0	1	0
1657	NC_004037.2	24732	C	A	0	0	0	0	1	0
1658	NC_004037.2	24738	A	AA	0	0	1	0	0	0
1659	NC_004037.2	24770	A	T	0	0	0	0	1	0
1660	NC_004037.2	24784	C	CC	0	0	1	0	0	0
1661	NC_004037.2	24800	A	T	0	0	0	1	0	0
1662	NC_004037.2	24801	T	G	0	0	0	0	0	1
1663	NC_004037.2	24810	G	C	0	0	0	0	0	1
1664	NC_004037.2	24811	T	TA	0	0	1	0	0	0
1665	NC_004037.2	24827	A	T	0	0	0	0	0	1
1666	NC_004037.2	24855	A	AA	0	0	0	1	0	0
1667	NC_004037.2	24863	A	T	0	0	0	0	0	1
1668	NC_004037.2	24883	T	TA	0	0	1	0	0	0
1669	NC_004037.2	24885	T	TA	0	0	0	1	0	0
1670	NC_004037.2	24896	T	G	0	0	0	0	0	1
1671	NC_004037.2	24898	C	CA	0	0	1	0	0	0
1672	NC_004037.2	24925	T	G	0	0	0	0	1	0
1673	NC_004037.2	24966	A	T	0	0	0	0	0	1
1674	NC_004037.2	24977	T	G	0	0	0	0	0	1
1675	NC_004037.2	24992	A	T	0	0	0	1	0	0
1676	NC_004037.2	25007	A	T	0	0	0	0	1	0
1677	NC_004037.2	25050	C	A	0	0	0	0	1	0
1678	NC_004037.2	25054	T	TT	0	0	1	0	0	0
1679	NC_004037.2	25056	G	C	0	1	0	0	0	0
1680	NC_004037.2	25073	C	CT	0	0	1	0	0	0
1681	NC_004037.2	25104	T	G	0	0	0	0	0	1
1682	NC_004037.2	25125	G	GA	0	0	0	1	0	0
1683	NC_004037.2	25136	A	T	0	0	0	0	0	1
1684	NC_004037.2	25151	A	T	0	1	0	0	0	0
1685	NC_004037.2	25177	T	G	0	0	0	0	0	1
1686	NC_004037.2	25180	G	GA	0	0	0	1	0	0
1687	NC_004037.2	25184	A	AG	0	0	0	1	0	0
1688	NC_004037.2	25194	T	G	0	0	0	0	0	1
1689	NC_004037.2	25195	C	CC	0	0	0	1	0	0
1690	NC_004037.2	25198	A	AA	0	0	1	0	0	0
1691	NC_004037.2	25201	C	A	0	0	0	0	1	0
1692	NC_004037.2	25208	T	TA	0	0	1	0	0	0
1693	NC_004037.2	25213	T	TG,G	0	0	1	0	2	0
1694	NC_004037.2	25219	T	G	1	0	0	0	0	0
1695	NC_004037.2	25227	A	AT	0	0	1	0	0	0
1696	NC_004037.2	25234	A	T	0	0	0	0	1	0
1697	NC_004037.2	25276	A	AA	0	0	0	1	0	0
1698	NC_004037.2	25298	T	TG	0	0	1	0	0	0
1699	NC_004037.2	25310	T	TC	0	0	0	1	0	0
1700	NC_004037.2	25319	A	T	1	0	0	0	0	0
1701	NC_004037.2	25401	T	TG	0	0	0	1	0	0
1702	NC_004037.2	25415	A	AC	0	0	0	1	0	0
1703	NC_004037.2	25417	A	AC	0	0	0	0	1	0
1704	NC_004037.2	25428	T	TG	0	0	0	1	0	0
1705	NC_004037.2	25437	C	CA	0	0	0	1	0	0
1706	NC_004037.2	25447	A	AA	0	0	0	1	0	0
1707	NC_004037.2	25454	G	GT	0	0	1	0	0	0
1708	NC_004037.2	25458	A	AG	0	0	0	1	0	0
1709	NC_004037.2	25485	C	CA	0	0	0	1	0	0
1710	NC_004037.2	25489	T	G	0	0	0	0	0	1
1711	NC_004037.2	25523	G	C	0	0	0	0	0	1
1712	NC_004037.2	25529	C	CT	0	0	0	1	0	0
1713	NC_004037.2	25536	A	AA	0	0	0	1	0	0
1714	NC_004037.2	25553	G	GT	0	0	0	1	0	0
1715	NC_004037.2	25556	G	GT	0	0	0	1	0	0
1716	NC_004037.2	25579	T	TG	0	0	0	1	0	0
1717	NC_004037.2	25609	A	T	0	0	0	0	0	1
1718	NC_004037.2	25624	A	T	0	0	0	1	0	0
1719	NC_004037.2	25633	C	CC	0	0	0	1	0	0
1720	NC_004037.2	25640	C	CA	0	0	0	1	0	0
1721	NC_004037.2	25657	C	A	0	0	0	0	0	1
1722	NC_004037.2	25668	A	T	1	0	0	0	0	0
1723	NC_004037.2	25693	T	TA	0	0	0	1	0	0
1724	NC_004037.2	25704	A	T	0	0	0	0	0	1
1725	NC_004037.2	25713	A	AG	0	0	0	1	0	0
1726	NC_004037.2	25716	A	T	0	0	0	0	1	0
1727	NC_004037.2	25734	T	TT	0	0	0	1	0	0
1728	NC_004037.2	25748	A	AC	0	0	0	1	0	0
1729	NC_004037.2	25755	C	CC	0	0	1	0	0	0
1730	NC_004037.2	25758	A	T	0	0	0	0	1	0
1731	NC_004037.2	25763	C	A	0	0	0	0	0	1
1732	NC_004037.2	25771	A	AA	0	0	1	0	0	0
1733	NC_004037.2	25772	A	T	0	0	0	0	1	0
1734	NC_004037.2	25798	T	TG	0	0	1	0	0	0
1735	NC_004037.2	25806	A	AC	0	0	1	0	0	0
1736	NC_004037.2	25832	A	AA	0	0	0	0	0	1
1737	NC_004037.2	25833	T	TC	0	0	0	1	0	0
1738	NC_004037.2	25834	A	T	0	0	0	0	1	0
1739	NC_004037.2	25845	C	CA	0	0	0	1	0	0
1740	NC_004037.2	25850	T	TT	0	0	0	1	0	0
1741	NC_004037.2	25864	A	T	0	0	0	0	1	0
1742	NC_004037.2	25912	A	AC	0	0	0	1	0	0
1743	NC_004037.2	25929	G	C	0	0	0	0	1	0
1744	NC_004037.2	25935	C	CA	0	0	0	1	0	0
1745	NC_004037.2	25962	C	CG	0	0	0	1	0	0
1746	NC_004037.2	25976	C	A	0	0	0	0	1	0
1747	NC_004037.2	25987	A	AT	0	0	0	1	0	0
1748	NC_004037.2	25988	G	C	0	0	0	0	1	0
1749	NC_004037.2	25994	T	TC	0	0	0	1	0	0
1750	NC_004037.2	26060	C	CA	0	0	1	0	0	0
1751	NC_004037.2	26084	C	A	0	0	0	0	0	1
1752	NC_004037.2	26091	A	T	0	0	0	0	0	1
1753	NC_004037.2	26103	A	T	0	0	0	0	0	1
1754	NC_004037.2	26106	T	G	0	0	0	0	0	1
1755	NC_004037.2	26109	T	TG	0	0	1	0	0	0
1756	NC_004037.2	26128	A	T	0	0	0	0	1	1
1757	NC_004037.2	26143	C	A	0	0	0	0	0	1
1758	NC_004037.2	26151	T	TC	0	0	1	0	0	0
1759	NC_004037.2	26157	A	T	0	0	0	0	0	1
1760	NC_004037.2	26165	T	TC	0	0	1	0	0	0
1761	NC_004037.2	26168	T	TA	0	0	1	0	0	0
1762	NC_004037.2	26170	T	G	0	0	0	0	0	1
1763	NC_004037.2	26175	T	G	0	0	0	1	0	0
1764	NC_004037.2	26192	A	T	0	0	0	0	0	1
1765	NC_004037.2	26205	A	T	0	0	0	0	0	1
1766	NC_004037.2	26225	T	G	0	0	0	0	0	1
1767	NC_004037.2	26235	A	AA	0	0	1	0	0	0
1768	NC_004037.2	26254	A	AG	0	0	0	1	0	0
1769	NC_004037.2	26258	A	T	0	0	0	0	0	1
1770	NC_004037.2	26259	T	TC	0	0	1	0	0	0
1771	NC_004037.2	26271	C	CT	0	0	0	1	0	0
1772	NC_004037.2	26284	C	CT	0	0	1	0	0	0
1773	NC_004037.2	26290	A	AT	0	0	0	1	0	0
1774	NC_004037.2	26301	T	G	0	0	0	0	1	0
1775	NC_004037.2	26302	A	T	0	0	0	1	0	0
1776	NC_004037.2	26320	A	AC	0	0	1	0	0	0
1777	NC_004037.2	26333	A	T	0	0	0	0	0	1
1778	NC_004037.2	26341	A	T	0	0	0	0	0	1
1779	NC_004037.2	26367	C	CA	0	0	1	0	0	0
1780	NC_004037.2	26377	C	CG	0	0	1	0	0	0
1781	NC_004037.2	26392	C	CA	0	0	0	1	0	0
1782	NC_004037.2	26478	A	AT	0	0	0	1	0	0
1783	NC_004037.2	26502	C	CG	0	0	0	1	0	0
1784	NC_004037.2	26534	T	TT	0	0	0	1	0	0
1785	NC_004037.2	26557	A	AC	0	0	0	1	0	0
1786	NC_004037.2	26573	A	AA,AC	0	0	1	2	0	0
1787	NC_004037.2	26597	G	GT	0	0	1	0	0	0
1788	NC_004037.2	26635	C	A	0	0	0	0	1	0
1789	NC_004037.2	26651	T	TT	0	0	1	0	0	0
1790	NC_004037.2	26662	C	CA	0	0	1	0	0	0
1791	NC_004037.2	26667	A	T	0	0	0	0	1	0
1792	NC_004037.2	26672	C	CA	0	0	1	0	0	0
1793	NC_004037.2	26690	A	T	0	0	0	0	1	0
1794	NC_004037.2	26698	T	TT	0	0	0	1	0	0
1795	NC_004037.2	26728	T	TT	0	0	0	1	0	0
1796	NC_004037.2	26789	A	AT	0	0	1	0	0	0
1797	NC_004037.2	26814	A	T	0	0	0	0	0	1
1798	NC_004037.2	26826	G	GG	0	0	1	0	0	0
1799	NC_004037.2	26830	C	A	0	0	0	0	0	1
1800	NC_004037.2	26840	T	TG,G	0	0	0	1	0	2
1801	NC_004037.2	26867	G	C	0	0	0	0	0	1
1802	NC_004037.2	26927	A	T	0	0	0	0	0	1
1803	NC_004037.2	26932	G	C	0	0	0	0	1	0
1804	NC_004037.2	26944	A	T	0	0	0	0	0	1
1805	NC_004037.2	26949	A	T	0	0	0	0	0	1
1806	NC_004037.2	26960	A	AT	0	0	0	1	0	0
1807	NC_004037.2	27014	G	C	0	0	0	0	0	1
1808	NC_004037.2	27022	T	TA	0	0	0	1	0	0
1809	NC_004037.2	27036	C	A	0	0	0	0	0	1
1810	NC_004037.2	27058	A	T	0	0	0	0	0	1
1811	NC_004037.2	27080	C	A	0	0	0	0	0	1
1812	NC_004037.2	27093	A	T	0	0	0	0	0	1
1813	NC_004037.2	27102	T	G	0	0	0	0	0	1
1814	NC_004037.2	27139	G	C	0	0	0	0	0	1
1815	NC_004037.2	27142	A	AG	0	0	0	1	0	0
1816	NC_004037.2	27167	G	GT	0	0	1	0	0	0
1817	NC_004037.2	27172	A	AG	0	0	1	0	0	0
1818	NC_004037.2	27175	T	G	0	0	0	0	0	1
1819	NC_004037.2	27180	C	A	0	0	0	0	0	1
1820	NC_004037.2	27197	A	AG	0	0	1	0	0	0
1821	NC_004037.2	27211	C	CC	0	0	1	0	0	0
1822	NC_004037.2	27225	T	TT	0	0	1	0	0	0
1823	NC_004037.2	27255	A	T	0	0	0	0	0	1
1824	NC_004037.2	27269	C	CC	0	0	1	0	0	0
1825	NC_004037.2	27273	C	A	0	0	0	0	0	1
1826	NC_004037.2	27274	A	AC	0	0	1	0	0	0
1827	NC_004037.2	27275	A	T	0	0	0	0	0	1
1828	NC_004037.2	27280	A	T	0	0	0	0	0	1
1829	NC_004037.2	27281	A	T	0	0	0	0	0	1
1830	NC_004037.2	27300	T	TC	0	0	1	0	0	0
1831	NC_004037.2	27308	C	CC	0	0	0	1	0	0
1832	NC_004037.2	27318	T	G	0	0	0	0	0	1
1833	NC_004037.2	27319	C	CA	0	0	0	1	0	0
1834	NC_004037.2	27324	A	AG	0	0	0	1	0	0
1835	NC_004037.2	27334	C	A	0	0	0	0	1	0
1836	NC_004037.2	27335	T	TA	0	0	0	1	0	0
1837	NC_004037.2	27338	A	AA	0	0	0	1	0	0
1838	NC_004037.2	27342	G	C	0	0	0	0	1	0
1839	NC_004037.2	27343	G	C,GT	0	0	0	0	1	2
1840	NC_004037.2	27352	A	AG	0	0	1	0	0	0
1841	NC_004037.2	27377	A	AA	0	0	1	0	0	0
1842	NC_004037.2	27382	C	A	0	0	0	0	1	0
1843	NC_004037.2	27389	C	A	0	0	0	0	1	0
1844	NC_004037.2	27409	C	CA	0	0	1	0	0	0
1845	NC_004037.2	27416	A	T	0	0	0	0	1	0
1846	NC_004037.2	27419	T	TG	0	0	0	1	0	0
1847	NC_004037.2	27421	T	G	0	0	0	0	1	0
1848	NC_004037.2	27422	A	AG	0	0	0	1	0	0
1849	NC_004037.2	27455	A	T	0	0	0	0	0	1
1850	NC_004037.2	27462	G	C	0	0	0	0	0	1
1851	NC_004037.2	27483	C	A	0	0	0	0	0	1
1852	NC_004037.2	27490	A	T	0	0	0	0	0	1
1853	NC_004037.2	27508	A	T	0	0	0	0	1	0
1854	NC_004037.2	27523	C	A	0	0	0	0	1	0
1855	NC_004037.2	27546	G	C	0	0	0	0	0	1
1856	NC_004037.2	27554	C	CG	0	0	0	1	0	0
1857	NC_004037.2	27557	T	TA	0	0	1	0	0	0
1858	NC_004037.2	27562	C	A	0	0	0	0	0	1
1859	NC_004037.2	27615	A	AT	0	0	0	1	0	0
1860	NC_004037.2	27643	A	AT	0	0	0	1	0	0
1861	NC_004037.2	27674	A	T	0	0	0	0	0	1
1862	NC_004037.2	27683	G	C	0	0	0	0	0	1
1863	NC_004037.2	27704	T	TG	0	0	0	1	0	0
1864	NC_004037.2	27706	C	A	0	0	0	0	1	1
1865	NC_004037.2	27711	T	TG	0	0	0	1	0	0
1866	NC_004037.2	27731	T	TA	0	0	1	0	0	0
1867	NC_004037.2	27737	T	TT	0	0	0	1	0	0
1868	NC_004037.2	27764	G	GG	0	0	0	1	0	0
1869	NC_004037.2	27773	T	TA	0	0	1	0	0	0
1870	NC_004037.2	27779	C	CT	0	0	0	1	0	0
1871	NC_004037.2	27789	T	TT	0	0	0	1	0	0
1872	NC_004037.2	27798	T	TG	0	0	0	1	0	0
1873	NC_004037.2	27849	A	AG	0	0	1	0	0	0
1874	NC_004037.2	27853	T	G	0	0	1	0	0	0
1875	NC_004037.2	27864	T	TG	1	0	0	0	0	0
1876	NC_004037.2	27867	A	T	0	0	0	0	1	0
1877	NC_004037.2	27877	C	A	0	0	0	0	1	0
1878	NC_004037.2	27882	T	TG	0	0	1	0	0	0
1879	NC_004037.2	27924	G	GG	0	0	0	1	0	0
1880	NC_004037.2	27940	C	CT	0	0	0	1	0	0
1881	NC_004037.2	27943	C	A	0	0	0	0	1	0
1882	NC_004037.2	27954	A	AT	0	0	0	1	0	0
1883	NC_004037.2	27958	A	T	0	0	0	0	1	0
1884	NC_004037.2	27981	A	AC	1	0	0	0	0	0
1885	NC_004037.2	28027	C	CC	0	0	1	0	0	0
1886	NC_004037.2	28034	C	CT	0	0	0	1	0	0
1887	NC_004037.2	28047	C	A	0	0	0	0	1	0
1888	NC_004037.2	28048	C	CG	0	0	0	1	0	0
1889	NC_004037.2	28075	A	T	0	0	0	0	1	0
1890	NC_004037.2	28093	A	T	0	0	0	0	1	0
1891	NC_004037.2	28101	T	G	0	0	0	0	1	0
1892	NC_004037.2	28110	A	AC	0	0	1	0	0	0
1893	NC_004037.2	28117	G	GT	0	0	1	0	0	0
1894	NC_004037.2	28119	G	C	0	0	0	0	1	0
1895	NC_004037.2	28143	G	GT	0	0	0	1	0	0
1896	NC_004037.2	28166	C	A	0	0	0	0	1	0
1897	NC_004037.2	28167	C	A	0	0	0	0	1	0
1898	NC_004037.2	28176	T	TC	0	0	0	1	0	0
1899	NC_004037.2	28186	T	G	0	0	0	0	1	0
1900	NC_004037.2	28194	G	GT	0	0	0	1	0	0
1901	NC_004037.2	28215	A	AC	0	0	0	1	0	0
1902	NC_004037.2	28222	G	C	0	0	0	0	0	1
1903	NC_004037.2	28240	T	G	0	0	0	0	0	1
1904	NC_004037.2	28266	A	AG	0	0	1	0	0	0
1905	NC_004037.2	28267	A	T	0	0	0	0	1	0
1906	NC_004037.2	28283	A	T	0	0	0	0	1	0
1907	NC_004037.2	28295	T	TG	0	0	1	0	0	0
1908	NC_004037.2	28401	T	G	0	0	0	0	1	0
1909	NC_004037.2	28408	G	GT	0	0	1	0	0	0
1910	NC_004037.2	28418	G	C	0	0	0	0	1	0
1911	NC_004037.2	28430	A	T,AT	0	0	0	2	1	0
1912	NC_004037.2	28472	A	T	0	0	0	0	1	0
1913	NC_004037.2	28505	A	AG	0	0	1	0	0	0
1914	NC_004037.2	28544	G	C	0	0	0	0	0	1
1915	NC_004037.2	28573	A	T	0	0	0	0	1	0
1916	NC_004037.2	28601	C	A	0	0	0	0	1	0
1917	NC_004037.2	28615	T	G	0	0	0	0	1	0
1918	NC_004037.2	28639	A	AA,AC	0	0	1	2	0	0
1919	NC_004037.2	28649	T	TC	0	0	0	1	0	0
1920	NC_004037.2	28656	T	TT	0	0	1	0	0	0
1921	NC_004037.2	28672	A	AA	0	0	1	0	0	0
1922	NC_004037.2	28679	A	T	0	0	0	0	1	0
1923	NC_004037.2	28698	T	G	0	0	0	0	0	1
1924	NC_004037.2	28700	A	AG	0	0	1	0	0	0
1925	NC_004037.2	28720	A	AA	0	0	1	0	0	0
1926	NC_004037.2	28780	C	A	0	0	0	0	0	1
1927	NC_004037.2	28788	A	T	0	0	0	0	0	1
1928	NC_004037.2	28810	A	T	0	0	0	0	1	0
1929	NC_004037.2	28846	C	CA	0	0	1	0	0	0
1930	NC_004037.2	28861	A	AA	0	0	1	0	0	0
1931	NC_004037.2	28914	C	CT	0	0	1	0	0	0
1932	NC_004037.2	28922	A	AA	0	0	1	0	0	0
1933	NC_004037.2	28963	G	GG	0	0	0	1	0	0
1934	NC_004037.2	28965	T	G	0	0	1	0	0	0
1935	NC_004037.2	28970	T	G	0	0	0	0	1	0
1936	NC_004037.2	28983	T	G	0	0	0	0	1	0
1937	NC_004037.2	29007	C	A	0	0	0	0	0	1
1938	NC_004037.2	29015	A	T	0	0	0	0	0	1
1939	NC_004037.2	29056	A	AA	0	0	1	0	0	0
1940	NC_004037.2	29061	A	AT	0	0	0	1	0	0
1941	NC_004037.2	29092	T	TG	0	0	0	1	0	0
1942	NC_004037.2	29102	A	AC	0	0	0	1	0	0
1943	NC_004037.2	29113	A	T	0	0	1	0	0	0
1944	NC_004037.2	29114	A	T	0	0	0	0	0	1
1945	NC_004037.2	29125	A	T	0	0	0	0	0	1
1946	NC_004037.2	29142	C	CA	0	0	0	1	0	0
1947	NC_004037.2	29144	T	G	0	1	0	0	0	0
1948	NC_004037.2	29179	C	CC	0	0	0	1	0	0
1949	NC_004037.2	29265	G	GT	0	0	0	1	0	0
1950	NC_004037.2	29278	G	GC	0	0	0	1	0	0
1951	NC_004037.2	29365	A	AG	0	0	1	0	0	0
1952	NC_004037.2	29387	A	AG	0	0	1	0	0	0
1953	NC_004037.2	29419	A	T	1	0	0	0	0	0
1954	NC_004037.2	29424	T	TA	0	0	1	0	0	0
1955	NC_004037.2	29442	A	T	0	0	0	0	0	1
1956	NC_004037.2	29447	G	C	0	0	0	0	0	1
1957	NC_004037.2	29467	A	AC	0	0	0	1	0	0
1958	NC_004037.2	29492	T	TA	1	0	0	0	0	0
1959	NC_004037.2	29494	C	CT	0	0	0	1	0	0
1960	NC_004037.2	29514	A	AT	0	0	0	1	0	0
1961	NC_004037.2	29561	T	TA	0	0	0	1	0	0
1962	NC_004037.2	29562	T	TT	0	0	1	0	0	0
1963	NC_004037.2	29574	T	TG	0	0	0	1	0	0
